1000 4
  0 -  a  1  2 915 653 875 363 131 b 350 893 945 541 285 702 969 60 c 549 647 666 439 d 435 512 13 446 
  1 -  a 293 771 751 37 732 283 206 b  2 838 c 598 434 402 17 127 d 590 627 325 20 875 73 
  2 -  a 221 375 333 104 706 29 949 913 b  3  4 639 966 143 21 954 790 c  3 110 946 d 591 425 121 814 106 797 878 766 88 
  3 -  a 200 299 440 867 399 143 414 961 14 b  4  5 794 946 559 345 223 c 354 802 26 812 250 743 51 d  4 947 56 
  4 -  a  5 474 228 514 131 240 b 346 205 883 c  5 837 814 716 607 493 d 527 867 827 
  5 -  a 954 350 797 34 809 b  6 901 567 787 c  6  7 18 323 736 909 d 224 549 369 237 
  6 -  a 744 642 246 12 822 868 b  7 762 185 c  7  8 827 620 946 621 142 d  7 908 81 852 910 267 804 385 
  7 -  a 864 142 71 838 b 979 156 530 630 536 c 364 367 726 967 d  8  9 142 102 249 399 186 531 
  8 -  a  9 10 390 965 641 240 945 b 123 454 501 38 269 c 324 958 541 931 612 d  9 10 250 640 742 
  9 -  a 978 149 97 858 527 b 10 991 605 760 668 956 356 56 348 c 648 22 308 376 d 10 11 962 993 60 503 
 10 -  a 11 12 274 580 444 541 355 321 b 289 885 886 461 807 692 c 11 401 666 536 939 269 d 250 746 285 985 
 11 -  a 12 13 295 362 100 b 12 218 327 328 182 c 323 255 847 409 783 d 12 762 241 
 12 -  a 14 130 335 260 92 448 209 b 13 14 292 449 179 939 641 849 c 13 14 372 58 698 d 364 707 693 520 561 
 13 -  a 501 55 472 389 39 b 14 15 534 559 701 719 c 14 549 448 541 124 d 220 520 458 16 
 14 -  a 78 322 680 171 b 15 608 963 182 679 303 c 15 181 299 596 612 d 373 733 384 668 509 157 372 
 15 -  a 447 698 614 171 388 425 161 b 16 441 596 968 822 630 174 143 455 c 16 17 726 835 503 d 17 848 71 124 208 
 16 -  a 17 84 338 548 847 55 955 484 160 274 903 86 b 800 514 312 268 123 367 c 17 18 930 607 395 d 17 719 298 371 266 64 
 17 -  a 290 629 643 b 564 993 603 136 c 18 82 550 743 986 78 d 18 19 338 621 370 
 18 -  a 19 20 904 271 556 b 452 604 140 38 605 c 260 771 420 339 526 533 255 d 19 20 880 725 
 19 -  a 252 b 359 926 c 20 949 839 631 753 647 377 220 874 205 d 20 187 845 598 119 392 404 
 20 -  a 21 22 739 56 430 234 b 22 141 404 242 655 591 c 417 946 592 761 138 d 21 453 922 205 82 192 
 21 -  a 22 23 699 978 b 23 30 813 848 476 498 c 332 59 310 395 304 69 413 d 59 139 950 444 751 
 22 -  a 809 588 133 887 258 329 b 23 587 181 68 102 431 c 160 306 194 d 23 94 525 157 445 220 698 182 
 23 -  a 144 178 309 539 b 24 25 740 838 898 497 694 906 173 c 24 762 304 935 d 24 467 386 355 
 24 -  a 429 745 424 329 b 25 26 166 675 c 26 904 468 928 270 454 800 612 d 789 490 227 614 983 992 46 
 25 -  a 402 470 61 573 b 26 108 743 363 c 26 958 377 540 d 27 469 930 842 167 
 26 -  a 460 451 453 56 106 b 763 630 346 309 892 976 c 27 28 659 615 152 958 559 928 d 27 289 149 
 27 -  a 320 866 176 570 b 673 689 917 748 258 c 28 901 501 288 286 880 114 197 360 d 28 806 804 911 283 
 28 -  a 177 53 594 b 573 876 963 50 959 361 c 29 556 956 933 184 d 29 30 458 675 
 29 -  a 30 854 b 508 580 243 c 712 743 941 d 30 268 
 30 -  a 992 527 987 482 107 64 b 105 552 284 c 365 340 279 402 389 d 31 583 38 
 31 -  a 32 306 311 673 681 380 334 b 888 c 114 309 535 d 312 152 437 362 813 
 32 -  a 190 979 383 56 428 b 533 452 605 384 129 560 c 279 947 86 997 d 33 762 848 627 584 377 573 
 33 -  a 939 196 373 b 790 381 799 209 c 34 870 696 89 135 391 54 625 79 d 843 903 69 161 180 633 663 231 245 
 34 -  a 610 529 816 845 b 617 859 529 131 353 989 922 436 c 35 556 642 d 467 747 
 35 -  a 889 899 581 956 b 883 201 384 559 c 522 d 36 692 266 859 864 188 
 36 -  a 924 290 302 b 488 301 501 c 37 810 801 222 544 d 42 976 683 945 
 37 -  a 38 815 385 522 660 b 216 589 747 439 826 208 c 791 973 667 d 515 968 293 
 38 -  a 65 580 710 338 598 b 265 840 113 218 959 877 c 39 794 622 889 215 93 592 115 954 57 d 68 883 75 
 39 -  a 873 959 952 b 338 476 458 535 c 880 758 650 967 d 40 533 87 
 40 -  a 357 800 957 351 962 195 b 41 133 395 522 682 954 894 412 283 c 178 230 d 341 753 
 41 -  a 911 b 42 984 135 c 438 975 357 994 d 76 991 720 
 42 -  a 641 956 768 563 b 233 602 747 223 c 984 788 192 375 d 43 405 593 205 530 
 43 -  a 399 886 192 662 166 b 377 653 53 c 44 524 471 325 731 334 d 81 116 54 
 44 -  a 541 82 816 101 104 489 b 45 418 413 243 159 393 84 326 c 45 188 136 d 452 565 601 366 544 123 604 264 
 45 -  a 46 239 104 535 225 518 b 241 200 649 851 518 284 c 591 357 188 d 967 65 410 
 46 -  a 550 897 867 746 720 885 546 484 283 331 b 726 822 473 991 372 241 430 871 96 629 c 299 697 595 264 d 47 940 296 556 263 146 639 682 222 
 47 -  a 252 885 935 944 639 b 682 864 900 c 48 628 291 433 806 109 576 162 973 d 513 416 559 777 593 
 48 -  a 49 259 112 535 b 968 952 135 227 918 221 c 381 839 65 848 662 401 d 61 917 
 49 -  a 50 665 975 206 b 148 580 607 c 830 843 227 813 d 69 133 441 913 645 888 846 
 50 -  a 280 612 939 b 51 826 439 203 796 c 291 598 753 822 471 d 507 732 419 
 51 -  a 88 963 125 971 616 b 896 463 810 907 929 914 754 c 52 447 956 531 499 d 77 75 244 792 905 308 
 52 -  a 996 632 938 628 545 b 53 c 583 624 58 897 d 970 381 477 
 53 -  a 54 875 322 847 786 355 857 755 568 b 602 c 364 661 682 d 848 940 358 
 54 -  a 306 155 279 404 b 836 262 924 742 640 878 826 c 55 d 399 105 328 484 728 298 
 55 -  a 873 975 798 804 544 353 b 332 845 145 584 726 c 56 863 748 830 d 89 212 366 246 
 56 -  a 57 854 267 324 461 b 918 112 732 103 60 845 240 410 c d 528 622 464 885 781 962 
 57 -  a 583 456 807 687 292 830 585 b 495 548 673 942 146 c 702 378 142 973 703 d 58 421 763 789 
 58 -  a 59 573 827 528 b 259 814 596 922 895 c 795 826 189 692 766 d 605 881 674 595 141 242 492 682 
 59 -  a 746 541 734 538 691 933 457 b 60 583 497 74 617 930 720 170 624 255 c 719 834 425 d 744 
 60 -  a 968 215 963 228 459 827 b 61 846 727 271 617 429 907 c 823 d 
 61 -  a 597 977 173 232 487 823 b 810 693 959 246 934 552 247 735 c 392 905 157 216 444 d 62 810 754 968 
 62 -  a 176 233 768 b 580 958 715 127 749 728 734 228 c 63 509 225 292 983 893 597 d 
 63 -  a 666 106 904 976 174 745 109 732 b 64 482 186 208 c 912 931 726 635 148 953 915 738 d 565 870 235 266 782 
 64 -  a 65 912 824 891 241 381 b 376 537 930 310 682 904 583 c 776 587 109 434 453 d 65 845 645 554 491 621 
 65 -  a 872 954 850 976 246 84 b 900 327 120 c 566 956 526 185 174 966 477 882 504 d 66 709 952 244 620 148 415 673 884 
 66 -  a 502 869 944 296 837 374 825 149 151 b 418 594 274 657 240 c 67 347 215 210 143 107 d 686 585 94 242 693 443 
 67 -  a 610 953 251 825 151 308 72 876 b 68 568 904 886 276 c 274 339 607 d 681 
 68 -  a 603 b 69 368 693 c 181 805 521 d 970 129 511 933 
 69 -  a 70 117 300 376 771 b 809 400 112 470 c 623 174 831 975 d 567 171 354 149 
 70 -  a 409 997 448 974 387 769 538 b 877 342 925 c 119 874 795 404 928 d 71 535 781 497 459 
 71 -  a 794 526 732 604 723 258 447 b 295 537 678 260 c 72 616 971 464 566 425 367 580 d 209 
 72 -  a 73 671 484 930 258 643 549 967 b 477 163 c 279 974 545 d 84 455 207 
 73 -  a 525 231 118 989 580 b 312 402 768 727 c 232 795 674 513 870 288 d 74 815 991 236 951 520 996 388 213 338 895 
 74 -  a 543 527 300 361 352 186 357 b 693 968 410 535 999 c 75 898 603 437 120 d 386 441 375 718 
 75 -  a 132 777 947 93 348 200 661 b 446 295 791 c 373 273 202 690 843 d 76 547 288 119 870 966 
 76 -  a 946 237 212 187 616 437 785 949 b 947 371 669 856 c 77 551 768 447 497 934 887 d 778 614 851 779 417 664 
 77 -  a 248 225 127 145 664 b 510 317 553 244 168 880 900 120 962 c 78 122 359 215 962 d 498 170 315 842 546 825 383 346 755 335 
 78 -  a 79 590 874 935 719 536 b 439 136 626 c 633 593 866 772 d 858 93 624 
 79 -  a 203 975 475 256 486 b 948 766 531 c 80 456 480 d 686 283 328 291 798 
 80 -  a 534 551 626 740 176 b 81 104 681 886 c 324 612 598 253 474 98 926 505 513 806 596 d 82 579 164 541 
 81 -  a 771 151 938 503 b 82 907 954 896 514 265 936 c 381 345 777 200 404 d 991 368 439 746 
 82 -  a 227 306 b 83 771 844 314 298 723 508 770 c 179 517 732 816 d 925 549 804 505 244 
 83 -  a 231 829 357 108 186 b 807 386 133 816 835 193 c 84 436 612 d 527 322 402 415 389 468 452 
 84 -  a 652 635 b 85 217 888 254 146 349 c 183 313 839 d 471 660 516 104 829 619 
 85 -  a 86 206 478 581 818 b 443 208 460 658 367 c 144 664 322 767 242 977 773 d 900 855 568 87 725 
 86 -  a 863 787 860 804 479 459 b 684 958 673 c 87 705 274 141 d 745 617 440 485 529 557 
 87 -  a 749 726 780 810 271 b 518 313 689 812 235 877 c 282 338 d 88 343 253 884 977 914 880 
 88 -  a 164 277 236 656 495 b 338 c 89 579 d 585 478 398 
 89 -  a 90 317 300 705 b 217 457 677 995 465 641 456 612 320 c 526 617 155 536 129 485 d 333 275 860 
 90 -  a 404 174 424 494 512 163 108 b 114 651 397 c 926 485 355 963 289 d 91 290 303 690 697 306 338 
 91 -  a 92 408 945 268 850 845 911 240 b 130 538 372 289 197 c 95 762 468 d 920 886 456 537 687 
 92 -  a 93 111 347 502 716 426 167 171 220 865 306 b 876 c 538 942 890 843 d 778 652 122 897 947 596 
 93 -  a 238 135 829 483 b 94 884 447 548 216 640 c 177 839 791 d 732 322 485 424 653 97 
 94 -  a 95 533 274 740 235 673 b 302 959 678 528 486 c 143 986 831 893 490 d 972 196 691 304 914 324 
 95 -  a b 185 207 771 489 382 712 757 c 271 158 784 97 489 763 172 d 96 352 341 474 646 598 
 96 -  a 804 b 375 702 327 864 605 739 c 791 406 148 847 d 97 917 660 190 408 530 
 97 -  a 923 392 931 460 578 128 721 b 985 290 432 890 767 977 c 154 594 524 672 d 98 929 661 836 289 
 98 -  a 462 115 429 930 645 b 334 130 590 c 99 335 195 889 417 d 814 834 
 99 -  a 288 587 664 193 445 139 207 b 595 328 997 c 879 262 548 382 d 100 919 276 189 896 715 
100 -  a 101 673 358 962 b 183 432 741 621 622 431 182 c 718 895 d 330 397 554 733 
101 -  a 688 493 624 b 102 567 887 861 c 376 613 192 648 d 250 233 281 987 605 
102 -  a 116 b 883 802 874 c 103 458 236 d 420 534 424 500 241 
103 -  a 798 957 560 b 104 918 935 310 c 658 117 673 782 547 393 644 d 721 818 917 813 566 
104 -  a 900 569 393 959 679 990 702 372 b 658 984 986 342 845 137 472 923 c 105 570 951 609 551 180 745 d 962 301 767 826 901 218 239 994 
105 -  a 106 591 510 b 629 452 186 411 c 340 806 345 624 876 951 d 687 822 944 414 525 
106 -  a 711 148 387 526 b 107 711 724 689 839 467 662 516 327 c 183 724 411 638 556 866 665 d 784 
107 -  a 716 678 246 405 552 b 177 581 249 487 c 297 696 483 809 935 463 d 108 651 502 414 777 449 765 503 
108 -  a 275 903 b 827 825 823 692 428 936 700 c 109 382 327 601 577 734 119 d 834 493 561 724 314 449 754 
109 -  a 312 545 864 747 b 110 920 235 980 294 124 553 c 270 957 333 262 736 305 d 510 707 596 889 594 324 117 
110 -  a 309 516 676 626 371 681 285 332 875 715 b 111 464 c 498 442 656 768 423 804 d 606 132 509 895 
111 -  a 957 327 329 458 b 830 900 c 112 932 926 388 865 d 309 564 413 466 834 810 578 653 314 188 
112 -  a 695 869 210 b 276 405 765 231 361 380 c 113 292 695 681 d 268 560 779 349 447 
113 -  a 543 294 573 840 721 171 736 531 778 b 114 151 974 428 498 576 c 150 d 690 741 975 519 747 256 655 
114 -  a 226 847 833 684 309 167 b 221 349 c 115 591 389 825 776 128 d 184 945 678 229 733 901 
115 -  a 630 368 177 b 991 745 337 954 340 c 346 926 171 350 989 218 931 d 116 672 538 766 347 536 815 488 405 
116 -  a 786 565 877 b 202 813 729 c 177 d 117 232 626 123 819 548 509 501 795 
117 -  a 759 b 984 796 846 c 118 558 747 958 250 271 d 458 668 463 835 
118 -  a 454 921 849 840 415 b 119 240 523 146 642 773 934 299 c 945 489 942 713 223 714 293 d 738 555 499 349 
119 -  a 333 981 321 183 b 120 646 837 372 209 146 c 567 765 486 629 d 271 
120 -  a 467 728 355 935 799 345 349 753 b c 832 896 884 461 825 819 401 332 d 121 301 233 610 596 400 
121 -  a 219 171 493 342 b 123 928 c 122 967 532 773 231 863 d 257 633 496 286 646 856 
122 -  a 372 348 b 755 279 959 c 749 180 189 811 d 123 851 248 711 264 260 965 198 
123 -  a 949 598 574 b 477 186 256 897 c 124 420 715 820 886 881 556 d 820 824 512 591 
124 -  a 125 492 849 261 b 501 797 601 906 850 765 672 761 211 c 610 943 d 276 769 511 663 441 
125 -  a 283 632 587 830 361 339 900 658 903 b 753 335 970 659 816 790 c 396 158 570 838 512 490 d 126 851 546 809 454 
126 -  a 863 299 b 908 902 408 379 582 c 834 999 d 127 674 413 741 136 
127 -  a 241 570 165 811 714 631 349 546 281 597 758 b 818 130 c 128 837 771 848 542 985 d 543 859 199 
128 -  a 301 918 241 896 573 285 b 774 409 955 322 451 490 299 648 c 129 721 525 d 967 877 365 498 561 269 533 
129 -  a 281 363 315 686 927 565 348 b 943 604 253 858 867 c 130 663 974 679 733 d 595 425 583 333 486 
130 -  a 536 617 593 376 665 971 369 857 b 131 148 391 531 c 891 831 372 277 502 679 846 d 260 484 548 421 
131 -  a 476 585 780 566 237 984 317 b 380 c 132 464 371 933 610 586 886 264 460 d 357 922 239 615 
132 -  a 639 398 168 233 b 877 823 390 936 295 c 588 510 430 789 622 138 676 362 495 424 990 575 d 133 761 466 687 777 439 
133 -  a 597 364 468 350 863 531 787 b 134 380 887 147 650 578 491 c 769 687 847 742 889 d 185 342 834 815 
134 -  a 135 348 195 747 353 314 b 444 939 220 650 c 408 331 680 201 183 d 250 
135 -  a 785 477 675 527 799 b 862 309 636 429 394 569 443 c 566 627 563 451 597 488 936 d 136 410 369 687 346 520 
136 -  a 901 560 425 454 865 522 416 557 b 948 807 399 990 c 137 581 660 877 817 d 215 671 520 138 713 507 857 957 
137 -  a 192 717 720 384 739 310 582 544 755 b 138 430 313 941 259 c 829 573 647 586 448 458 d 936 717 606 365 981 
138 -  a 485 189 424 b 652 841 629 636 c 858 733 435 220 152 494 d 139 194 296 591 
139 -  a 448 756 776 461 b 140 659 204 466 c 724 825 620 593 d 158 234 400 863 
140 -  a 271 707 534 999 767 795 b 846 195 548 441 c 141 891 496 776 670 698 508 d 727 838 749 746 767 
141 -  a 811 331 b 487 836 917 585 386 c 142 739 728 500 663 d 326 207 419 621 878 612 242 
142 -  a 434 212 823 265 980 b 566 880 750 438 253 717 501 c 143 691 608 d 992 278 549 568 246 871 689 
143 -  a 820 480 878 872 b 848 500 c 190 699 357 826 342 d 144 845 303 427 
144 -  a 895 726 718 999 887 946 514 375 412 717 834 b 247 938 176 c 633 632 714 981 758 349 771 d 145 149 488 828 214 477 213 
145 -  a 353 b 427 177 766 949 483 532 c 146 632 477 325 761 d 991 781 422 368 336 783 729 
146 -  a 875 375 b 991 189 499 203 730 607 c 147 865 999 156 268 886 663 845 d 735 775 630 579 306 494 157 586 955 
147 -  a 210 519 b 148 459 209 485 c 919 375 370 d 955 400 320 948 481 388 611 422 
148 -  a 381 420 340 b 149 447 772 416 c 811 932 d 691 417 675 340 847 661 
149 -  a 507 464 575 822 b 420 824 254 289 593 586 328 c 700 321 669 d 150 547 730 
150 -  a 578 962 579 673 b 875 999 c 151 243 521 823 707 772 393 812 d 954 926 
151 -  a 152 518 789 275 536 878 499 264 b 284 807 447 778 500 253 c 756 808 398 840 643 d 373 747 366 657 670 
152 -  a 591 416 414 b 542 508 503 945 424 c 153 170 542 893 830 d 179 679 290 
153 -  a 893 949 215 222 b 481 223 701 204 c 154 536 917 d 900 273 703 
154 -  a 155 475 975 775 565 356 315 882 b 420 385 997 419 c 470 372 967 457 753 614 303 510 853 d 540 474 763 949 866 
155 -  a 542 488 717 986 266 809 942 b 183 987 582 c 392 495 488 884 773 667 853 947 d 156 852 901 320 285 806 
156 -  a 564 972 b 705 253 388 537 990 694 681 c 402 418 517 474 688 d 157 844 552 970 
157 -  a 158 926 624 945 792 639 b 827 173 c 170 578 394 294 715 350 220 697 657 d 796 726 671 723 922 304 
158 -  a 159 394 235 796 602 494 b 870 849 948 c 870 857 201 516 241 d 845 957 696 902 422 
159 -  a 330 980 166 589 352 724 458 994 b 171 436 c 160 879 395 d 988 717 446 
160 -  a 243 734 392 626 790 b 288 818 492 674 310 c 161 852 699 202 696 689 d 215 564 203 165 205 597 
161 -  a 243 815 505 591 b 622 799 948 514 c 439 167 417 d 162 916 604 172 
162 -  a 997 419 328 b 340 403 782 727 c 163 497 818 d 598 845 840 574 579 796 
163 -  a 869 293 181 262 246 219 b 352 809 911 881 922 229 903 c 164 602 442 577 d 293 455 733 
164 -  a 746 306 637 451 867 b 860 c 812 318 470 875 299 346 652 836 d 165 242 
165 -  a 166 390 558 748 971 198 b 637 859 463 255 c 979 253 682 d 918 345 
166 -  a 167 663 452 770 b 785 507 512 989 c 475 583 755 293 606 525 940 d 622 239 375 560 791 
167 -  a 883 621 441 b 347 922 225 960 c 168 350 639 205 870 724 491 373 d 480 449 533 
168 -  a 632 401 641 314 844 554 476 b 480 463 195 999 921 c 919 484 d 169 783 929 875 730 
169 -  a 170 875 323 b 170 405 819 644 217 801 300 c 355 501 186 d 774 849 358 474 206 232 
170 -  a 171 183 407 967 b 788 541 241 c 218 521 690 188 d 922 841 597 705 907 565 511 
171 -  a 386 829 833 331 997 b 677 727 308 700 918 797 623 693 235 c 172 901 449 977 d 
172 -  a 956 994 771 512 355 b 661 900 735 598 321 474 c 708 697 383 d 173 496 238 400 
173 -  a 174 669 649 368 b 484 730 472 c 643 844 d 655 916 
174 -  a 487 268 652 900 478 632 b 752 412 464 969 321 373 343 c 175 752 232 746 658 d 981 795 398 861 689 615 
175 -  a 430 852 586 969 b 310 773 958 515 658 c 176 544 246 937 961 873 d 260 866 377 296 
176 -  a 804 538 940 549 500 831 b 177 813 376 622 473 c 671 541 452 716 750 203 d 286 790 845 760 304 232 696 
177 -  a b 376 801 668 447 c 298 395 635 d 178 724 917 
178 -  a 220 512 356 303 946 b 179 816 873 509 699 489 353 c 885 458 764 206 762 d 220 730 737 466 
179 -  a 814 374 899 683 508 b 524 900 803 c 180 595 518 304 d 624 944 868 290 
180 -  a 812 298 231 293 417 b 237 794 705 c 940 656 283 246 338 d 181 741 578 984 904 288 359 996 630 
181 -  a 486 825 959 226 907 814 b 588 997 245 786 c 182 246 d 415 775 863 848 366 
182 -  a 183 304 429 858 848 b 234 884 481 802 c 515 895 d 317 591 277 631 
183 -  a 741 893 677 346 360 b 187 325 858 466 c 184 875 995 949 453 219 494 684 d 567 348 592 946 276 616 
184 -  a 185 966 604 594 194 b 393 867 569 758 545 825 c 599 716 414 684 718 904 506 986 450 378 d 468 386 580 888 777 
185 -  a 411 361 696 933 b 186 654 670 735 208 509 342 c 996 296 957 d 568 639 601 982 
186 -  a 187 358 675 715 868 b 602 803 975 810 672 c 948 625 554 746 588 d 872 340 750 267 313 525 
187 -  a 803 767 289 656 857 728 b 486 923 327 236 283 506 494 243 507 625 973 761 c 798 383 465 374 997 d 188 414 295 
188 -  a 886 451 402 b 760 940 759 647 c 294 460 893 d 189 344 833 
189 -  a 222 273 990 785 838 243 b 827 723 678 673 c 190 769 575 250 318 d 894 541 449 286 493 998 861 
190 -  a 191 656 542 242 669 b 532 496 409 c 620 701 367 506 667 d 744 649 452 
191 -  a 814 681 505 552 b 401 640 398 327 491 c 444 391 610 693 210 961 661 d 192 657 322 492 276 991 
192 -  a 735 710 787 892 b 193 529 237 967 965 c 941 954 863 582 798 d 368 365 758 384 944 366 970 859 397 738 
193 -  a 803 245 b 194 554 613 476 299 383 801 671 c 373 524 758 d 469 572 496 378 633 
194 -  a 653 556 697 353 621 775 b 653 550 881 255 217 c 195 d 926 322 639 554 336 
195 -  a 505 472 705 750 543 b 359 293 c 196 657 620 571 866 512 d 856 676 882 298 541 
196 -  a 845 232 903 863 795 475 b 519 206 584 925 c 245 948 442 528 781 d 197 988 538 459 252 804 
197 -  a 993 252 661 548 429 280 953 770 b 198 210 797 768 638 c 719 654 328 d 675 564 
198 -  a 882 948 204 b 199 478 317 600 430 c 892 901 d 380 
199 -  a 200 334 826 966 933 633 b 621 911 967 215 693 417 c 515 737 613 310 833 482 836 602 278 d 554 261 303 525 
200 -  a 201 500 761 991 273 b 338 675 427 956 391 939 c 681 978 744 626 319 490 830 251 d 974 829 848 682 790 652 514 
201 -  a 964 222 b 202 334 888 853 539 959 482 c 978 769 451 d 749 973 865 557 578 633 482 
202 -  a 589 964 310 b 598 994 757 461 768 222 215 406 c 393 966 578 378 821 592 376 398 d 203 345 955 585 987 
203 -  a 204 860 346 560 b 893 806 846 c 731 917 991 877 666 236 233 d 752 368 909 601 429 
204 -  a 205 913 718 818 834 662 427 b 913 334 994 212 485 771 734 c 519 705 654 962 d 291 583 681 289 362 563 385 
205 -  a 216 225 576 b 206 372 605 355 642 418 554 293 993 c 618 614 687 412 707 d 358 382 681 231 849 
206 -  a 216 564 273 624 371 519 991 b 526 988 234 229 701 c 207 667 987 826 800 479 853 929 269 d 393 915 
207 -  a 669 870 602 497 b 208 562 340 742 904 294 c 260 470 648 580 d 882 990 699 444 868 
208 -  a 209 574 700 567 b 982 548 c 209 396 886 379 526 480 d 777 908 372 282 248 704 
209 -  a 868 651 895 500 746 b 872 919 983 940 244 c 210 706 280 286 354 915 d 462 914 547 584 731 
210 -  a 223 936 b 211 784 987 512 c 656 894 d 902 746 272 960 892 
211 -  a 356 422 671 952 b 924 899 986 956 764 c 404 993 814 749 397 616 267 541 d 212 984 710 683 694 380 
212 -  a 213 827 949 638 646 866 b c 480 905 713 633 d 259 622 377 639 
213 -  a 537 217 b 413 421 673 515 261 382 803 c 214 976 730 420 265 699 793 279 748 d 383 261 705 636 
214 -  a 215 407 752 670 364 739 268 b 492 839 493 528 c 972 646 816 515 864 d 594 681 334 
215 -  a 216 903 363 462 605 733 978 b 295 855 540 c 380 494 451 851 341 d 521 604 726 256 
216 -  a 220 315 677 b 546 664 c 646 577 819 994 325 690 d 217 911 752 775 552 939 532 
217 -  a 452 b 838 312 383 897 989 912 728 591 308 c 218 451 583 453 382 711 863 d 451 574 452 840 227 
218 -  a 275 b 219 890 379 232 765 c 712 267 870 257 d 468 286 817 592 831 642 635 
219 -  a 835 823 882 274 b 835 760 261 664 c 402 820 374 241 692 446 d 220 430 701 570 740 
220 -  a 221 354 533 525 b 555 532 c 364 313 616 562 649 505 d 985 337 567 
221 -  a 441 789 485 742 b 361 398 929 377 681 286 390 673 813 492 234 274 c 222 929 953 710 d 633 734 494 512 543 973 
222 -  a 223 881 255 591 588 773 269 461 416 b 265 620 971 c 251 605 284 681 d 684 727 582 915 814 810 
223 -  a 356 737 307 336 861 548 830 973 b 224 936 984 920 251 c 254 768 d 397 835 290 728 
224 -  a 562 309 b 821 937 515 c 225 718 499 823 844 d 385 403 329 838 
225 -  a b 623 713 522 312 714 c 630 511 948 473 265 486 927 783 d 226 405 715 953 659 555 335 
226 -  a 227 570 245 267 b 781 487 481 c 784 569 646 458 983 692 816 938 d 953 461 
227 -  a 441 817 584 273 b 667 692 462 842 c 366 401 322 d 228 679 650 
228 -  a 470 601 252 511 635 b 592 769 467 250 258 624 c 369 884 993 236 d 229 975 836 388 648 283 
229 -  a 589 673 309 b 230 302 807 930 752 c 305 d 751 
230 -  a 488 901 784 545 b 600 985 892 294 904 393 c 231 464 571 267 372 d 842 539 767 497 
231 -  a 989 853 791 546 b 588 311 891 489 547 594 c 232 723 747 360 258 645 d 821 351 430 724 
232 -  a 233 480 459 b 850 659 317 991 c 467 416 292 852 795 976 787 d 976 822 957 597 934 
233 -  a 808 509 b 843 795 759 684 884 620 c 234 649 753 737 349 944 799 565 d 376 669 484 428 310 356 
234 -  a 705 381 482 398 780 b 867 817 241 287 307 493 996 c 586 409 429 936 627 d 235 845 360 366 
235 -  a 910 577 887 b 236 711 c 413 477 288 d 238 793 491 355 
236 -  a 308 955 912 870 535 b 767 683 324 540 726 267 986 843 c 893 262 263 728 643 975 d 237 482 634 987 
237 -  a 704 482 571 642 585 825 787 b 967 882 646 566 287 495 981 c 238 430 644 d 305 659 
238 -  a 831 517 319 462 990 811 b 423 408 508 399 355 890 357 c 239 484 250 293 666 d 990 409 588 
239 -  a 785 258 822 664 870 477 b 240 969 352 756 c 263 275 d 745 680 258 305 
240 -  a 832 b 369 617 307 671 936 461 c 619 383 647 500 501 d 241 559 935 676 
241 -  a 940 279 656 614 b 869 494 604 533 c 869 916 d 242 753 820 337 668 
242 -  a 684 244 989 974 342 b 339 471 454 c 243 620 993 590 375 775 812 346 327 d 345 397 
243 -  a 302 493 745 708 416 782 b 799 917 614 c 649 736 870 776 d 244 470 895 560 581 
244 -  a 245 850 454 909 314 752 499 797 334 317 b 263 816 353 c 705 616 838 626 d 522 452 891 660 
245 -  a 714 361 435 723 998 972 b 269 955 918 424 828 827 c d 246 261 664 690 634 666 
246 -  a 549 982 b 465 349 822 846 730 975 345 c 247 603 357 441 548 375 881 738 261 629 d 919 459 
247 -  a 594 802 546 694 279 b 913 576 661 636 681 c 920 992 755 957 d 248 571 370 389 
248 -  a 943 365 497 340 749 791 b 894 976 496 928 765 c 249 785 d 783 569 341 499 286 
249 -  a 429 500 b 428 952 276 258 343 449 803 c 481 634 381 d 250 931 670 552 797 937 880 
250 -  a 873 761 942 740 357 b 420 612 840 594 430 c 251 751 287 400 d 416 808 994 
251 -  a 640 269 856 b 498 585 871 412 569 615 310 c 252 664 713 818 402 d 745 914 873 428 399 976 
252 -  a 702 396 750 355 600 b 901 469 c 279 519 829 758 756 803 831 363 d 253 823 545 984 505 643 
253 -  a 996 458 298 892 632 927 b 829 c 946 939 505 480 d 254 933 559 992 644 766 
254 -  a 946 297 909 839 400 b 268 808 413 903 865 c 255 617 574 d 545 923 829 749 506 
255 -  a 723 964 659 319 693 495 b 855 595 593 653 338 612 618 c 256 942 d 385 448 457 
256 -  a 573 426 443 905 b 257 854 c 481 983 262 308 451 901 881 366 314 d 369 446 
257 -  a 571 993 561 768 371 909 b 903 310 c 258 945 589 509 535 837 726 d 613 918 358 620 283 
258 -  a 542 892 864 839 790 388 351 342 b 538 664 644 843 288 449 c 908 647 d 259 768 348 561 447 590 
259 -  a 441 445 b 260 764 429 701 c 650 d 478 453 526 820 858 
260 -  a 261 308 271 806 573 b 887 267 476 486 c 592 303 422 d 368 620 952 565 768 965 
261 -  a 839 465 843 574 747 876 b 988 657 464 264 844 618 497 c 262 963 746 d 758 971 656 891 809 
262 -  a 893 271 362 964 614 829 392 b 820 c 263 966 851 d 335 987 409 
263 -  a 641 870 b 264 718 699 795 c 541 759 900 d 730 574 934 805 893 901 836 724 477 
264 -  a 904 595 666 585 668 838 b 265 799 925 392 351 c 425 851 799 823 631 427 d 656 752 858 
265 -  a 637 460 304 b 817 842 722 c 380 498 d 266 380 629 927 847 768 
266 -  a 705 538 630 795 469 b 267 556 984 333 726 466 657 832 c 622 904 551 947 d 480 723 901 915 753 377 426 
267 -  a 268 528 348 499 870 658 b 924 799 841 801 614 662 784 798 c 884 286 384 477 773 909 915 d 468 651 788 969 
268 -  a 269 342 406 b 906 577 625 602 c 644 477 986 d 343 501 401 
269 -  a 866 290 494 b 589 722 974 601 837 854 610 c 333 866 567 611 521 783 492 365 d 270 722 730 810 310 283 314 300 
270 -  a 712 977 429 659 958 492 672 282 b 271 305 707 965 c 775 312 601 527 552 d 573 304 
271 -  a 685 542 681 b 441 c 272 647 468 698 288 d 399 629 645 449 991 309 
272 -  a 273 527 750 873 958 375 556 914 818 b 570 805 379 423 827 c 319 559 578 301 d 642 583 684 
273 -  a 274 316 b 848 295 527 956 733 870 373 c 428 293 407 923 d 550 956 638 348 
274 -  a 518 435 b 437 553 640 481 386 561 668 c 359 998 854 329 d 275 947 
275 -  a 333 936 633 988 496 615 b 291 410 357 966 c 840 291 702 873 921 526 490 d 276 839 522 808 
276 -  a 277 425 873 714 779 329 b 703 806 846 294 c 616 738 893 909 499 d 937 314 893 946 368 
277 -  a 278 755 799 828 711 383 b 602 667 759 713 361 404 737 948 c 310 668 795 947 d 
278 -  a 328 815 701 666 b 279 663 510 526 c 409 978 900 587 604 d 818 573 656 
279 -  a 739 856 666 623 586 785 b 280 352 716 876 628 425 954 401 945 340 c 580 436 789 497 303 d 841 789 
280 -  a 281 546 808 786 639 292 787 445 723 821 390 b 699 709 845 c 462 622 479 770 d 949 369 
281 -  a 626 644 937 903 812 316 897 553 873 736 b 282 753 390 322 c 779 709 396 946 727 772 815 712 d 970 572 959 463 
282 -  a 738 726 995 b 283 674 836 945 912 559 897 c 674 289 d 397 976 400 304 785 438 359 292 939 
283 -  a 686 603 428 708 994 b 816 440 c 284 880 d 432 319 
284 -  a 285 810 868 824 660 811 b 755 875 522 572 c 527 382 693 968 706 d 990 606 924 585 550 656 
285 -  a 286 295 905 361 666 b 316 c 708 d 353 966 854 317 
286 -  a 993 977 740 608 502 582 600 693 b 287 911 702 954 344 c 507 963 912 d 608 892 381 
287 -  a 391 b 319 773 740 938 339 c 610 d 288 709 525 619 629 662 736 336 
288 -  a 362 865 294 728 501 634 526 521 565 951 b 289 527 788 c 733 714 499 293 364 940 d 641 787 958 814 
289 -  a 734 380 966 790 815 610 640 b 336 439 510 830 590 815 798 454 320 c 984 467 508 527 775 d 290 973 967 
290 -  a 291 486 343 363 406 554 775 881 321 b 703 560 870 396 c 896 607 d 402 993 578 455 947 
291 -  a 292 460 684 358 b 500 803 298 534 507 c 947 702 403 944 547 884 d 322 954 438 810 789 695 320 969 839 
292 -  a 293 640 946 809 959 b 509 701 904 c 621 633 493 296 331 835 328 301 733 934 d 618 459 477 734 385 
293 -  a 938 871 729 b 627 424 831 562 c 294 436 995 374 702 d 410 327 974 665 
294 -  a 295 534 358 857 b 578 659 870 c 367 380 444 608 977 879 322 d 456 727 993 452 296 
295 -  a 548 309 806 530 811 821 624 b 331 736 498 678 c 669 856 d 296 574 552 365 
296 -  a 852 450 331 570 b 778 487 913 466 c 297 311 525 459 627 655 454 783 d 916 708 761 867 
297 -  a 482 621 755 481 612 406 688 b 967 560 971 470 c 690 657 706 739 d 298 465 600 609 868 
298 -  a 895 772 482 664 979 903 737 335 463 b 811 305 490 868 916 467 c 793 325 821 390 d 299 541 987 746 394 443 589 
299 -  a 658 932 893 337 b 812 382 439 582 c 895 683 519 734 d 300 578 805 365 438 
300 -  a 954 574 492 b 798 995 984 c 301 797 735 567 d 577 307 871 804 339 
301 -  a 620 786 852 b 817 526 956 c 302 310 724 364 382 515 451 d 302 988 810 717 
302 -  a b 328 799 586 791 c 331 463 408 650 831 924 769 d 303 942 972 
303 -  a 528 723 900 948 508 358 b 304 824 893 729 671 c 616 449 681 786 417 d 337 670 948 643 312 
304 -  a 601 751 b 442 709 634 703 561 c 468 871 978 d 305 676 948 655 910 875 
305 -  a 735 680 848 760 b 333 852 576 522 557 826 c 916 490 d 306 447 962 
306 -  a 701 944 969 729 b c 387 480 482 d 307 742 439 
307 -  a 814 606 477 974 828 876 479 611 b 308 779 817 515 991 c 465 451 956 d 411 547 464 
308 -  a 911 565 731 750 b 309 646 431 640 447 374 c 740 548 579 394 345 353 509 d 899 611 
309 -  a 310 997 600 671 936 832 b 845 778 559 512 841 561 473 c 825 762 559 974 469 685 599 d 513 900 767 821 639 568 
310 -  a 515 390 402 509 792 315 687 871 b 337 970 808 321 417 c 474 697 729 317 d 311 724 465 966 
311 -  a 792 997 716 b 986 335 967 756 455 737 c 865 754 841 997 552 d 312 338 534 658 562 
312 -  a 313 980 588 519 646 867 b 415 744 582 760 671 c 767 793 676 528 888 d 707 658 400 934 343 
313 -  a b 553 329 602 931 420 c 380 811 457 453 385 643 d 314 710 853 
314 -  a 543 b 490 848 693 844 c 315 569 940 605 383 d 440 
315 -  a 808 394 362 962 b 514 761 442 889 397 539 c 665 572 626 823 344 d 316 470 358 953 921 901 790 
316 -  a 317 668 808 637 721 816 576 433 765 b 885 c 955 430 682 477 382 d 490 387 679 401 884 657 449 937 
317 -  a 848 785 996 826 888 818 404 348 622 b 318 704 460 966 848 417 c 960 975 699 513 531 d 432 765 620 819 458 916 910 
318 -  a 863 350 963 394 b 863 698 749 716 487 513 c 319 d 677 664 529 811 598 849 735 
319 -  a 320 595 570 559 776 917 b 850 402 374 c 831 599 581 767 912 380 961 464 896 d 685 815 355 798 907 
320 -  a 621 470 852 584 365 b 321 469 619 764 857 778 376 c 538 358 546 436 785 855 543 433 d 965 701 385 442 781 
321 -  a 647 758 495 460 b 323 514 446 530 701 631 898 c 322 548 420 738 734 921 d 555 655 755 
322 -  a 579 926 780 943 997 b 537 663 340 734 c 867 412 711 d 323 748 380 521 967 
323 -  a 324 484 992 b 662 521 545 400 491 c 622 848 499 528 502 882 d 871 605 596 806 744 675 881 715 
324 -  a 325 642 800 683 609 b 783 794 c 454 437 690 837 d 581 747 674 963 475 353 726 
325 -  a 845 823 358 659 352 562 615 b 773 371 503 c 855 725 d 326 471 350 370 507 476 
326 -  a 327 566 795 353 880 602 b 330 754 646 369 573 375 346 c 677 568 d 452 570 724 894 431 
327 -  a 477 826 414 597 840 887 973 b 328 394 793 626 341 494 473 336 c 544 715 649 776 d 765 822 
328 -  a 329 817 388 340 474 b 885 443 c 871 443 969 998 968 668 d 329 910 950 
329 -  a 888 b 496 398 469 612 594 656 595 787 c 651 359 914 d 330 624 545 992 754 370 
330 -  a 371 466 913 729 384 550 741 b 453 934 839 679 524 c 964 413 781 577 583 579 d 331 479 800 415 726 873 823 992 400 829 
331 -  a 424 947 506 b 868 405 673 893 c 669 718 576 d 332 900 955 337 831 616 800 965 
332 -  a 333 717 478 337 941 b 358 462 904 350 727 c 398 754 407 d 333 812 866 815 641 898 
333 -  a 334 928 979 645 b 820 611 581 757 689 425 c 876 868 d 686 966 560 782 671 
334 -  a 984 655 989 752 759 b 693 837 957 c 873 450 588 d 335 369 973 760 421 
335 -  a 986 543 527 b 927 428 934 c 864 941 969 428 790 552 d 336 493 880 882 
336 -  a 337 832 732 346 436 482 835 960 930 b 358 934 456 c 914 619 435 826 441 d 596 552 594 486 
337 -  a 668 680 404 460 417 b 338 490 775 494 c 686 389 712 625 512 474 d 714 794 
338 -  a 774 481 948 540 b 339 809 496 948 522 c 431 599 935 354 863 801 d 912 475 992 724 568 
339 -  a 340 876 405 518 728 517 780 b 384 440 578 528 c 769 735 986 814 795 d 625 772 
340 -  a 568 342 541 828 595 b 474 632 417 c 341 835 898 806 608 457 560 d 804 429 781 676 721 810 
341 -  a 633 894 b 604 779 594 c 730 918 694 d 342 462 653 856 980 953 
342 -  a 518 456 401 762 858 664 823 b 343 735 599 c 355 898 605 916 641 d 677 843 785 721 
343 -  a 495 611 783 802 847 b 344 621 574 783 800 655 c 625 930 d 769 591 453 846 761 355 424 
344 -  a 948 914 748 378 421 832 523 b 345 828 703 684 547 482 845 426 c 717 503 993 d 424 425 639 
345 -  a 346 440 602 377 812 b 508 749 560 657 c 969 870 d 590 910 378 851 717 
346 -  a 654 663 509 700 550 999 b 347 883 481 948 954 695 615 c 912 785 351 902 477 d 804 504 757 
347 -  a 474 530 981 570 613 b 868 775 820 933 c 566 621 985 361 523 d 348 467 610 735 998 
348 -  a 752 994 704 929 366 986 376 b 875 511 424 855 363 c 349 914 463 d 493 679 
349 -  a 891 872 469 961 420 918 b 936 508 839 919 543 558 885 c 900 673 378 376 556 455 566 800 990 d 350 582 902 905 548 
350 -  a 351 596 950 376 402 493 782 b 481 680 425 918 c 750 444 839 877 672 581 d 869 720 
351 -  a 667 812 790 727 414 b 352 485 575 503 610 c 663 943 591 666 363 416 557 940 949 d 713 867 668 868 544 
352 -  a 660 930 407 479 679 b 505 626 572 853 c 559 591 816 371 799 d 353 533 440 
353 -  a 492 594 830 681 618 447 b 374 840 912 552 741 c 354 765 786 538 620 572 d 462 869 
354 -  a 608 610 504 932 440 814 944 749 885 b 999 622 984 617 375 396 549 848 c 355 362 557 639 495 412 545 560 921 863 d 475 746 700 567 
355 -  a 808 675 995 490 496 751 b 728 717 768 406 491 630 865 c 356 414 466 942 778 d 432 629 903 423 
356 -  a 658 929 772 818 648 b 357 564 440 706 727 c 497 893 d 792 897 847 500 534 909 395 
357 -  a 358 477 663 730 721 599 b 570 835 360 943 c 872 955 373 606 831 828 d 810 787 805 
358 -  a 395 489 685 935 918 682 480 b 827 632 690 440 433 695 c 812 d 359 443 922 991 525 783 699 
359 -  a 562 485 810 370 778 596 400 884 b 375 405 c 360 378 467 376 993 702 828 434 715 668 d 739 428 435 367 
360 -  a 361 765 801 992 839 452 363 790 519 728 559 b 593 742 965 c 837 664 441 646 d 644 866 714 823 
361 -  a 720 764 782 456 677 601 b 733 873 477 747 c 869 595 474 d 362 619 630 638 887 452 879 943 
362 -  a 363 452 957 813 b 693 716 562 972 c 697 523 918 530 370 d 541 
363 -  a 364 995 491 962 449 b 908 624 864 c 842 824 633 568 412 729 d 563 502 581 375 527 
364 -  a 777 864 856 686 609 986 b 865 535 406 813 588 c 365 377 842 793 424 446 440 415 661 d 577 501 848 391 556 
365 -  a 527 797 b 922 577 568 664 958 421 c 457 905 920 413 d 366 941 988 680 
366 -  a 381 938 942 b 367 637 521 391 403 538 c 421 911 752 520 877 732 d 491 879 587 739 632 
367 -  a 368 650 945 b 713 813 540 797 c 877 459 381 748 598 d 663 796 670 615 586 867 652 693 558 
368 -  a 651 946 b 677 861 725 780 389 753 c 369 754 806 896 858 962 d 448 879 469 959 
369 -  a 913 573 897 609 857 453 b 517 513 790 652 910 c 370 413 573 955 999 d 763 944 790 649 823 697 
370 -  a 381 550 707 b 851 513 c 371 930 527 424 d 635 933 697 772 965 662 637 926 880 
371 -  a 372 990 630 666 514 437 b 520 542 775 890 c 955 424 767 472 902 d 942 685 661 597 745 840 395 518 560 
372 -  a 373 490 907 867 933 b 827 799 538 c 502 436 791 799 700 d 789 916 920 
373 -  a 604 798 884 996 970 b 374 407 995 759 c 506 626 978 906 740 575 481 d 938 510 751 375 415 
374 -  a 799 677 786 534 504 720 378 b 375 773 c 823 782 663 838 452 931 d 435 873 700 
375 -  a 960 993 b 384 791 911 987 c 393 506 979 609 538 d 376 827 466 959 983 763 
376 -  a 816 447 b 377 559 836 838 636 877 973 c 961 667 581 690 877 d 979 453 523 791 536 401 
377 -  a 565 450 837 873 405 585 b 955 944 954 387 899 835 c 378 939 625 397 d 483 679 874 741 838 
378 -  a 883 444 705 b c 379 595 881 485 d 474 521 438 641 846 821 788 830 583 722 
379 -  a 951 b 433 410 394 996 c 380 558 563 675 443 d 848 781 697 530 550 464 
380 -  a 381 672 927 970 776 649 856 850 740 b 736 927 682 824 724 889 399 431 809 c 551 854 911 995 523 385 d 462 887 700 443 608 
381 -  a 382 618 974 718 946 461 514 b 850 660 857 c 532 524 787 783 d 394 698 938 395 
382 -  a 471 825 462 384 b 453 629 649 846 499 515 892 581 721 c 683 d 383 638 
383 -  a 977 425 869 944 413 b 384 876 449 722 725 642 c 892 598 978 817 903 873 485 d 575 391 726 992 491 797 
384 -  a 789 862 689 632 859 b 385 496 882 615 951 c 962 642 660 595 391 d 711 
385 -  a 657 870 647 552 b 628 970 855 806 c 651 809 510 400 483 878 398 771 d 386 668 824 719 
386 -  a 387 493 398 616 b 395 591 c 426 797 696 513 883 903 577 d 696 510 747 780 
387 -  a 767 759 912 766 b 388 933 659 866 c 937 700 650 d 971 680 770 603 
388 -  a 988 541 b 419 617 479 847 c 889 794 520 512 960 d 389 994 952 517 396 692 629 
389 -  a 390 473 860 613 948 907 534 858 639 856 557 b 732 652 746 994 c 667 414 913 518 d 650 775 974 644 474 835 793 488 
390 -  a 643 997 741 499 b 664 661 799 744 557 c 892 834 403 793 642 d 391 394 786 963 576 671 717 615 
391 -  a 392 922 744 841 b 939 770 538 c 879 551 467 790 d 633 787 599 933 505 794 776 828 562 
392 -  a b 393 442 675 506 986 402 c 654 947 976 621 d 747 977 727 868 478 829 
393 -  a 962 799 560 410 589 434 705 b 873 416 550 461 521 893 c 642 575 955 d 394 416 550 715 909 
394 -  a 411 539 573 431 836 b 395 709 430 483 679 639 550 c 924 716 432 636 725 486 956 d 635 587 869 846 890 523 
395 -  a 751 999 630 700 987 959 641 b 396 651 902 758 488 c 746 436 964 439 d 759 844 628 519 
396 -  a 704 674 658 b 519 418 583 575 927 434 c 397 790 674 817 910 686 d 696 493 525 
397 -  a 398 414 612 903 409 618 b 692 653 c 976 698 820 890 d 885 876 
398 -  a 399 746 630 428 764 b 412 876 835 c 767 978 709 411 958 683 790 648 d 789 741 
399 -  a 956 926 502 455 b 416 728 412 674 614 408 c 400 587 d 790 939 937 
400 -  a 712 841 404 636 649 b 407 981 528 906 847 995 c 697 662 564 794 d 401 797 981 961 906 
401 -  a 402 747 525 455 b 692 566 894 528 952 918 579 680 c 927 705 760 838 733 d 461 527 
402 -  a 730 905 b 544 661 580 c 403 585 472 783 535 d 940 583 453 800 759 647 
403 -  a 404 468 704 613 419 728 783 503 473 814 629 b 800 566 601 518 939 c 927 889 722 d 430 894 
404 -  a 405 986 832 789 b 801 458 587 c 941 848 805 d 610 856 439 416 435 754 991 682 568 900 
405 -  a 765 597 648 599 979 576 b 406 778 542 743 909 c 770 738 491 557 934 975 807 d 582 997 521 861 866 
406 -  a 515 802 974 858 b 407 546 922 844 424 749 c 759 912 901 727 720 d 870 903 826 591 873 748 772 
407 -  a 561 957 552 529 685 b 408 835 697 554 912 751 c 979 914 d 484 415 479 684 
408 -  a 789 638 833 530 723 b 409 939 569 917 602 486 881 781 c 476 721 863 700 990 d 909 722 607 
409 -  a 410 682 448 625 882 751 b 463 639 646 647 c 776 753 637 900 658 683 d 423 463 901 560 869 516 
410 -  a 841 910 463 813 b 411 661 627 433 c 449 991 827 506 588 d 855 647 850 
411 -  a 950 b 922 908 417 c 412 876 986 754 502 821 984 d 482 944 666 
412 -  a 524 843 653 979 426 607 896 554 976 b 474 463 995 493 541 c 413 780 427 418 d 997 908 481 839 916 891 855 
413 -  a 892 468 b 862 493 855 454 619 780 c 414 762 626 923 846 566 d 811 583 711 674 851 
414 -  a 631 887 856 711 605 532 453 592 777 b 836 899 778 886 662 863 809 c 415 629 755 780 d 667 669 748 510 
415 -  a 416 802 586 750 815 524 b 672 755 865 710 704 446 869 426 558 c 919 897 746 666 d 497 604 829 
416 -  a 417 497 804 814 622 687 824 b 651 777 684 805 c 793 608 756 880 d 619 473 763 676 
417 -  a 529 923 959 774 795 516 633 690 668 645 b 418 477 683 490 987 934 576 c 655 882 794 d 880 744 
418 -  a 969 685 768 689 b 420 749 875 527 992 674 c 419 633 794 825 781 514 474 471 d 759 982 456 901 750 971 775 496 436 
419 -  a 420 491 716 423 827 b 760 887 604 945 421 423 990 599 625 633 c 968 645 842 d 426 699 950 
420 -  a 655 481 629 976 965 586 492 b 421 808 445 970 512 558 826 684 730 c 897 947 d 476 862 570 699 948 466 531 614 822 558 602 
421 -  a 422 539 692 703 921 995 449 b 858 607 907 487 c 909 661 705 748 d 899 560 705 874 877 790 873 911 
422 -  a 583 848 b 951 626 657 517 720 c 988 626 d 423 917 872 744 488 779 845 490 658 
423 -  a 926 529 463 430 b 634 943 614 c 772 666 d 424 803 504 578 839 698 516 663 
424 -  a 425 553 916 656 506 501 622 b 757 492 905 433 889 c 611 508 656 649 816 d 975 863 967 838 935 774 
425 -  a 797 888 932 b 739 661 c 545 643 781 d 426 914 563 941 517 635 489 
426 -  a 427 921 772 553 477 790 762 450 b 853 915 c 714 501 580 650 791 892 988 656 759 d 692 695 476 
427 -  a 518 479 831 998 680 660 696 497 b 534 894 c 428 437 979 793 775 553 733 d 663 572 
428 -  a 716 999 842 706 502 b 987 570 884 709 674 895 664 898 925 818 c 429 839 712 711 724 554 970 d 997 991 866 610 998 512 806 514 
429 -  a 766 691 499 b 430 881 747 962 567 797 710 530 c 909 761 615 d 666 453 932 815 
430 -  a 431 887 649 935 987 885 661 524 b 582 809 477 776 737 c d 988 650 866 516 970 
431 -  a 521 833 738 944 617 434 792 648 966 b 521 748 538 829 994 466 646 531 919 604 c 803 779 682 631 d 432 446 562 610 758 
432 -  a 608 641 798 894 b 460 983 496 c 682 478 680 848 906 887 d 433 558 889 465 592 702 794 522 449 
433 -  a 434 451 584 808 540 705 b 729 c 832 d 588 492 737 861 715 697 884 684 937 
434 -  a 511 708 502 973 b 708 722 881 895 691 669 847 c 784 473 807 d 435 971 532 
435 -  a 719 492 b 436 517 508 784 588 833 c 693 960 d 959 974 960 695 727 
436 -  a 863 634 919 651 771 564 b 437 953 729 625 935 c 825 540 531 744 887 444 d 469 622 519 
437 -  a 948 511 641 889 806 985 439 b 438 520 c 534 961 813 916 d 641 858 855 470 
438 -  a 439 593 899 509 829 639 787 b 690 616 703 447 770 c 545 849 744 d 865 843 
439 -  a 440 802 640 680 666 603 b 519 992 936 770 556 805 790 516 c 652 738 779 535 963 517 662 559 d 592 520 
440 -  a 913 753 466 865 b 849 966 658 532 862 c 949 958 786 597 638 894 d 441 608 597 902 988 
441 -  a 637 797 724 b 694 957 648 990 578 850 c 929 816 d 442 977 904 995 729 516 
442 -  a 831 552 872 b 527 707 833 c 443 812 572 d 446 882 994 601 
443 -  a 483 841 547 467 623 539 523 b 444 586 482 920 658 c 541 495 999 781 822 997 695 d 880 905 462 
444 -  a 522 835 459 980 479 840 621 924 b 501 531 c 769 466 492 d 445 816 982 631 866 746 723 598 
445 -  a 890 696 b 701 451 935 832 910 763 c 446 768 627 797 807 d 523 949 
446 -  a 763 456 873 573 b 983 731 471 640 677 c 474 641 880 d 447 800 517 568 521 547 608 670 
447 -  a 448 787 557 456 552 b 676 549 909 965 c 803 865 542 493 543 770 565 d 813 633 763 828 615 847 
448 -  a 908 857 777 911 b 480 751 562 719 675 594 c 449 900 705 660 734 939 761 916 d 953 570 805 935 
449 -  a 987 927 b 902 618 822 c 450 946 954 802 988 502 d 871 825 974 632 467 827 870 
450 -  a 906 535 971 b 972 546 791 745 708 910 c 624 965 533 650 916 d 451 874 661 502 
451 -  a 733 914 900 830 651 844 b 871 709 594 754 745 511 c 452 526 732 800 543 512 751 786 675 d 771 982 811 522 694 524 957 
452 -  a 762 760 967 608 b 453 514 911 869 719 c 764 d 978 693 477 806 919 851 
453 -  a 921 562 612 b 877 754 636 884 506 868 748 638 c 454 578 650 722 824 d 956 529 861 
454 -  a 455 844 866 604 689 594 954 b 516 910 950 874 981 991 625 605 c 859 779 621 932 630 960 840 d 
455 -  a 710 523 553 985 933 683 889 b 877 876 660 991 694 c 456 674 936 624 939 788 720 806 d 590 511 
456 -  a 919 888 966 621 565 b 651 702 910 946 704 674 c 457 554 618 814 d 781 581 822 734 
457 -  a 458 815 502 511 782 789 548 b 581 756 590 652 927 771 958 994 c 887 748 924 549 488 739 963 869 764 d 704 786 546 788 797 759 655 809 666 620 846 
458 -  a 578 530 921 594 723 645 b 858 896 562 908 885 684 538 c 816 536 558 761 967 462 817 d 459 679 593 
459 -  a 485 b 460 987 548 503 510 816 979 c 982 765 541 756 d 822 603 678 811 830 524 766 
460 -  a 963 845 557 669 b 646 777 840 900 666 696 471 679 c 781 581 967 844 d 461 812 621 
461 -  a 912 515 531 837 555 567 677 b 462 972 832 c 930 789 779 751 615 985 d 696 971 531 538 
462 -  a 555 975 967 801 570 584 922 986 b 699 671 677 596 961 c 463 670 815 709 582 581 755 d 520 682 724 
463 -  a 623 881 883 586 701 b 464 830 757 538 c 761 d 750 645 647 611 822 
464 -  a 498 924 834 609 b 710 938 c 858 818 550 614 d 465 909 762 644 651 925 
465 -  a 625 630 936 b 513 c 466 769 848 773 795 478 d 751 908 857 921 
466 -  a 674 991 695 992 b 963 653 879 948 816 c 847 580 519 522 732 d 467 953 756 782 769 793 904 487 
467 -  a 755 b 959 501 931 988 784 c 468 526 730 499 740 903 700 712 881 d 773 475 978 517 618 822 638 626 962 
468 -  a 958 b 668 905 641 556 c 469 523 495 785 771 603 d 549 649 
469 -  a 751 757 718 709 b 665 761 527 c 606 815 518 751 987 927 793 936 d 470 687 826 626 
470 -  a 471 906 994 687 797 804 b 668 662 509 472 776 c 836 582 720 495 886 d 999 633 939 716 
471 -  a 579 b 472 538 504 992 837 988 818 c 890 538 876 575 592 647 d 801 663 993 
472 -  a 473 525 953 773 b 792 915 941 515 737 554 487 c 831 719 638 811 967 889 704 936 750 d 541 698 797 504 
473 -  a 494 702 556 606 639 b 599 720 822 971 768 c 474 d 620 928 676 651 581 
474 -  a 475 950 943 715 549 b 687 605 797 779 588 936 535 515 c 797 563 d 488 979 950 999 690 684 
475 -  a 918 b 721 825 585 764 536 c 476 947 518 974 610 755 d 708 513 
476 -  a 904 721 956 b 477 918 573 760 583 627 965 c 870 943 877 570 d 573 936 759 644 648 937 996 840 590 
477 -  a 478 650 898 939 794 676 b 904 575 933 c 944 977 519 d 912 623 634 760 984 605 963 622 915 
478 -  a 770 919 b 479 517 773 672 875 c 647 556 542 866 724 636 d 848 879 732 777 555 765 483 
479 -  a 642 590 b 571 837 901 984 c 480 928 881 863 630 830 d 797 738 713 652 549 841 
480 -  a 481 704 909 929 799 546 835 b 628 734 587 952 736 568 782 659 c 874 572 845 751 803 550 561 d 979 938 591 939 560 
481 -  a 777 712 692 647 b 636 999 965 522 942 719 c 668 969 510 506 d 482 493 712 809 783 654 
482 -  a 483 539 503 620 660 b 713 936 708 600 930 607 704 c 490 571 635 d 603 491 998 
483 -  a 535 509 758 811 628 807 883 b 484 688 614 790 823 947 662 633 c 485 913 761 d 865 699 972 
484 -  a 903 996 823 541 b 793 799 823 896 993 503 526 c 485 626 658 999 966 805 868 d 712 767 671 
485 -  a 486 578 677 589 912 b 546 933 505 588 613 973 c 511 846 852 826 965 564 493 d 579 845 917 899 869 504 707 
486 -  a 617 648 700 954 719 578 b 756 c 487 516 528 569 841 734 d 768 488 609 544 696 
487 -  a 648 809 769 741 864 714 b 745 555 716 c 488 778 987 795 529 975 d 575 828 883 969 720 
488 -  a 909 980 586 b 489 546 786 692 951 c 556 769 530 917 d 915 629 799 
489 -  a 967 639 b 909 498 858 c 490 755 681 807 770 d 760 762 497 743 519 652 913 634 627 
490 -  a 491 594 579 583 612 b 614 910 675 566 507 775 976 c 966 652 753 693 848 798 649 d 682 512 
491 -  a 715 822 b 630 730 503 893 938 685 787 885 493 c 915 873 761 499 646 945 d 492 862 946 867 844 828 
492 -  a 493 856 891 729 968 525 792 760 b 864 878 969 c 660 638 718 996 693 d 932 608 504 910 516 
493 -  a 771 838 531 621 547 764 689 939 748 929 636 b 537 504 959 c 941 759 894 877 579 d 494 904 892 505 994 
494 -  a 501 528 703 b 739 647 c 852 730 612 627 981 972 628 d 495 601 519 968 922 697 717 
495 -  a 496 992 960 626 582 b 961 673 719 926 810 685 807 568 c 596 652 925 521 953 870 d 882 858 497 685 921 770 
496 -  a 997 820 954 772 991 b 632 932 598 824 c 681 688 764 599 633 666 567 661 847 d 497 980 901 994 624 697 719 
497 -  a 980 843 688 846 631 953 967 b 850 904 701 499 811 693 c 822 723 981 d 498 678 623 655 500 663 528 
498 -  a 499 907 967 502 982 b 906 954 810 c 763 636 683 562 651 d 654 976 951 881 982 762 867 
499 -  a 798 961 534 956 b 865 505 741 966 c 888 702 731 963 806 d 500 618 838 998 572 628 
500 -  a 819 768 939 551 561 753 b 883 984 944 c 760 670 868 701 d 501 616 713 971 
501 -  a 650 851 815 550 b 502 798 706 575 995 c 890 748 642 738 773 d 576 695 780 688 519 920 
502 -  a 738 550 757 b 665 993 c 503 922 879 996 706 708 674 d 908 919 519 873 840 595 615 
503 -  a 844 981 534 596 b 830 639 896 670 948 829 c 607 875 807 d 504 898 
504 -  a 810 845 838 543 950 b 505 592 c 653 866 510 875 860 876 777 d 826 581 701 714 549 909 769 870 921 844 
505 -  a 660 832 710 648 774 760 b 627 900 c 842 919 750 d 506 609 835 
506 -  a 507 749 824 615 674 828 738 858 b 822 653 716 753 983 770 c 664 784 588 592 516 860 704 878 629 778 638 d 967 
507 -  a 989 699 963 797 b 508 866 736 926 777 c 859 572 863 696 d 999 570 970 967 645 
508 -  a 509 957 539 779 566 976 b 527 756 590 817 889 583 548 615 c 747 910 528 d 775 564 766 
509 -  a 537 701 879 979 673 788 719 582 b 530 693 938 873 805 990 760 c 820 d 510 728 932 847 596 
510 -  a 731 814 617 674 b 726 615 587 938 959 c 597 609 d 511 604 745 856 767 868 893 
511 -  a 625 594 843 563 712 b 862 733 794 969 814 948 c 512 747 535 821 946 808 591 967 d 868 709 546 891 
512 -  a 687 988 829 b 967 997 587 606 699 c 513 860 749 953 d 903 550 827 
513 -  a 782 544 993 931 551 833 823 595 b 514 561 985 615 c 729 596 747 908 d 801 763 608 842 745 
514 -  a 536 768 978 873 568 b 883 997 595 992 c 515 834 567 d 547 521 640 937 585 
515 -  a 728 663 705 b 518 701 770 551 935 971 c 678 818 676 d 516 632 729 949 884 
516 -  a 517 573 817 699 691 845 b 550 870 914 942 950 c 559 892 901 629 d 702 651 922 921 555 668 763 638 
517 -  a 884 832 793 933 b 635 677 686 c 772 838 698 733 542 d 518 805 552 914 753 825 520 533 
518 -  a 956 540 b 689 526 551 c 519 712 998 971 d 885 862 548 884 875 
519 -  a 687 597 954 611 582 b 520 677 970 c d 697 939 717 993 984 899 
520 -  a 653 525 582 784 b 521 765 621 902 c 866 923 529 854 859 d 844 596 798 817 927 
521 -  a 898 745 962 732 736 735 785 b 767 945 794 663 569 c 527 558 881 838 791 828 d 522 535 595 855 762 721 626 947 
522 -  a 959 862 820 854 b 834 673 589 828 c 859 895 904 890 951 806 d 523 946 774 698 615 731 945 
523 -  a 790 659 651 548 605 b 524 931 528 880 925 c 667 d 883 987 743 609 604 893 858 
524 -  a 956 716 705 898 688 b 525 896 959 885 604 c 962 838 656 927 d 754 589 836 
525 -  a 617 712 597 b 758 688 554 932 871 660 c 526 812 756 735 596 588 d 763 795 928 824 865 680 977 975 679 
526 -  a 568 567 803 885 850 b 527 976 876 578 834 c 703 570 672 969 d 736 824 951 
527 -  a 848 b 631 614 656 634 c 775 875 838 967 602 682 600 d 528 996 861 899 623 
528 -  a 529 556 781 699 907 679 b 940 572 702 711 883 c 684 615 920 d 960 733 805 
529 -  a 562 880 847 901 922 966 b 530 986 792 926 638 641 804 c 562 941 551 852 655 662 639 d 791 876 588 605 707 
530 -  a 771 557 711 812 b 793 979 585 672 724 619 c 863 925 d 531 762 610 533 867 696 
531 -  a 632 824 826 550 579 995 651 b 845 550 769 579 638 c 532 574 579 646 892 d 873 800 
532 -  a 533 695 700 775 552 b 838 711 623 873 979 c 893 749 864 786 571 850 813 d 806 673 920 993 850 
533 -  a 664 697 723 885 567 748 b 898 895 843 980 c 534 937 551 559 762 857 d 981 798 746 659 709 
534 -  a 843 668 988 592 b 819 686 863 617 716 c 875 552 937 772 d 535 953 628 798 719 578 845 658 
535 -  a 647 815 b 536 838 674 c 757 866 d 688 837 755 
536 -  a 790 998 705 677 b 583 733 896 c 537 981 889 750 569 795 955 850 647 703 734 953 d 733 652 892 
537 -  a 831 969 588 929 671 992 b 795 724 763 613 714 c 538 787 664 d 961 993 820 679 
538 -  a 596 851 992 995 738 b 543 800 874 546 786 740 622 547 c 539 610 672 613 947 606 801 540 976 898 819 599 d 803 695 802 789 712 904 
539 -  a 645 712 902 888 568 b 839 c 694 753 722 547 697 728 d 540 755 
540 -  a 813 984 916 980 913 b 541 569 891 789 917 759 886 750 701 c 864 590 753 951 d 734 677 890 
541 -  a 952 543 630 940 642 774 b 542 679 634 896 817 574 c 602 745 638 924 862 921 d 651 688 684 654 713 
542 -  a 875 744 939 577 b 812 935 888 936 686 841 552 668 926 c 543 882 809 672 597 894 700 942 d 966 826 949 855 
543 -  a 544 558 587 880 b 817 853 658 634 993 926 724 983 914 826 c 986 982 552 669 872 772 867 d 766 563 622 681 
544 -  a 807 561 670 b 952 669 c 574 631 742 637 980 827 816 d 545 657 881 
545 -  a 564 819 630 821 694 966 977 b 615 959 c 785 588 755 d 546 883 956 727 751 986 
546 -  a 958 552 954 655 b 769 c 708 d 547 890 857 680 
547 -  a 548 782 758 992 873 688 b 744 619 961 621 941 821 972 706 669 596 c 675 654 d 882 678 636 622 
548 -  a 715 607 873 849 644 770 874 b 895 955 c 549 707 715 713 684 663 947 790 d 935 
549 -  a 930 552 823 b 550 651 743 813 755 c 640 840 d 620 847 827 977 710 735 
550 -  a 551 697 615 709 b 645 557 629 801 c 657 662 691 908 880 865 567 d 763 938 785 608 
551 -  a 552 833 903 706 858 780 861 902 825 b 709 973 576 c 829 886 562 992 d 806 935 776 
552 -  a 553 606 639 658 768 753 849 585 566 891 899 872 b 578 688 586 645 810 862 682 c 870 661 594 874 701 d 736 759 994 940 885 891 
553 -  a 554 883 619 893 756 b 928 730 714 603 814 c 867 771 645 d 951 809 728 755 561 725 940 899 631 828 602 
554 -  a 845 594 870 588 b 555 689 969 606 708 745 748 695 c 579 876 684 860 d 598 
555 -  a 758 732 697 973 760 862 698 645 b 954 805 935 839 937 c 638 735 586 963 715 671 909 592 d 556 734 846 714 
556 -  a 787 788 847 b 645 824 665 929 c 833 667 855 670 577 744 619 571 565 d 557 856 729 
557 -  a 951 713 b 682 886 894 759 c 558 726 652 694 711 901 874 963 674 d 712 788 934 869 
558 -  a 865 893 929 887 b 559 728 787 578 958 652 736 906 560 c 935 729 667 661 638 625 632 773 734 d 776 828 744 
559 -  a 626 839 843 697 b 860 865 970 868 653 817 c 622 768 928 582 769 772 927 d 560 918 861 648 812 699 621 691 
560 -  a 561 953 811 866 941 581 729 670 b 773 996 669 880 c 835 735 986 984 d 577 
561 -  a 808 652 901 733 754 732 b 969 962 579 804 876 c 958 897 647 835 d 562 926 893 678 
562 -  a 821 755 969 843 714 635 636 b 589 750 645 613 982 c 563 916 794 999 641 883 874 780 936 976 961 d 563 820 571 875 775 948 953 
563 -  a 701 725 828 b 629 611 917 764 767 819 626 903 c 564 659 801 603 598 815 d 960 611 717 826 906 992 882 646 
564 -  a 611 818 642 677 989 712 965 b 717 898 c 666 576 942 664 d 565 652 827 773 747 802 972 735 
565 -  a 797 767 652 954 661 b 984 699 658 944 586 778 765 871 c 566 876 991 859 884 982 890 769 d 797 578 636 649 635 695 
566 -  a 567 722 927 674 578 850 793 877 819 b 722 636 942 697 732 753 836 642 c 697 830 625 d 581 755 
567 -  a 847 825 747 762 860 788 614 b 789 730 693 c 568 853 d 717 971 950 638 905 712 571 
568 -  a 971 672 835 701 922 774 b 643 771 613 621 c 569 750 937 941 630 575 666 985 d 788 851 893 995 679 808 
569 -  a 764 714 671 826 b 942 855 689 752 c 570 863 594 988 648 729 d 974 630 707 
570 -  a 571 855 713 958 988 690 b 834 613 667 996 c 571 942 938 700 968 826 806 d 700 769 974 990 
571 -  a 572 945 989 997 935 600 861 b 889 944 826 745 c 653 717 667 682 994 d 932 596 771 747 
572 -  a 901 631 980 b 767 988 989 799 c 665 d 573 856 678 576 737 587 
573 -  a 934 806 891 754 893 b 787 646 822 862 c 773 592 693 798 913 d 574 694 983 782 905 707 
574 -  a 575 961 b 639 831 647 998 c 841 746 d 791 653 821 642 643 950 613 648 
575 -  a 915 869 621 978 588 930 898 702 b 619 774 607 888 830 c 576 970 775 700 672 688 966 639 d 985 753 834 880 620 956 842 
576 -  a 922 715 991 b 666 664 629 c 871 925 d 577 628 953 803 692 977 
577 -  a 767 780 612 924 632 b 664 799 881 910 702 979 c 578 826 779 926 998 885 641 d 980 818 960 856 
578 -  a 586 933 828 665 877 611 b 795 c 579 707 662 794 631 586 837 688 997 843 976 981 637 d 643 993 793 602 811 
579 -  a 799 936 599 885 591 725 721 911 b 580 799 911 693 c 627 686 d 815 884 642 844 937 696 691 625 
580 -  a 664 847 719 881 677 861 839 971 b 699 869 799 c 581 872 693 843 904 867 770 d 602 747 959 691 940 
581 -  a 582 877 626 723 653 996 b 597 967 612 891 952 964 c 839 651 827 d 964 843 
582 -  a 583 822 664 851 980 636 b 640 795 730 833 976 c 867 595 996 809 d 810 930 992 811 709 
583 -  a 584 593 912 969 595 970 b 840 692 978 838 c 933 699 962 920 679 870 d 865 966 928 728 998 
584 -  a 585 636 995 b 615 936 604 750 896 989 817 937 c 668 830 931 d 939 801 668 625 739 703 
585 -  a 817 711 791 926 746 724 b 814 823 c 586 644 d 859 973 758 787 
586 -  a 587 b 790 781 674 923 757 c 867 842 d 645 
587 -  a 888 895 757 907 892 965 935 b 839 806 927 814 c 701 705 937 691 d 588 955 837 992 
588 -  a 788 851 719 793 806 702 b 589 779 769 911 933 738 897 849 603 c 589 748 808 766 682 d 813 876 959 774 600 
589 -  a 614 956 b 797 783 c 780 943 813 d 590 928 616 624 845 709 
590 -  a 591 611 936 696 834 b 826 631 c 897 848 d 
591 -  a 799 934 810 b 592 769 837 940 909 c 898 861 693 892 d 780 755 812 618 872 
592 -  a 778 b 593 813 945 743 747 992 635 c 928 923 745 966 826 948 d 849 777 615 708 
593 -  a 894 714 676 977 842 740 b 652 870 780 985 918 760 c 594 768 712 656 824 885 701 666 d 622 739 
594 -  a 595 649 814 776 954 998 b 614 833 919 800 c 858 770 806 974 965 642 897 d 667 792 
595 -  a 911 842 990 969 778 b 596 695 666 c 733 838 836 d 813 779 755 754 720 984 848 810 
596 -  a 656 716 721 666 830 748 729 b 597 633 875 809 963 828 930 799 910 c 787 915 694 927 d 626 649 628 913 988 614 618 943 877 788 837 
597 -  a 771 826 644 782 667 b 598 781 711 684 892 961 742 613 c 964 861 844 997 914 736 923 808 d 876 
598 -  a 599 770 763 646 687 639 616 b 812 919 757 885 738 c 880 832 915 900 d 729 709 999 644 
599 -  a 650 931 889 794 655 b 600 690 826 960 748 834 c 958 776 d 887 964 722 651 676 742 748 986 
600 -  a 601 706 933 960 964 800 868 997 b 818 797 899 730 631 719 671 c 888 709 d 995 798 708 700 
601 -  a 837 850 b 602 786 956 679 634 900 c 764 645 773 922 856 d 952 808 966 
602 -  a 603 938 890 878 b 869 881 801 847 c 726 737 643 848 795 d 997 964 876 675 
603 -  a 604 980 892 837 968 664 b 894 906 835 717 c 894 803 616 674 930 d 766 896 961 
604 -  a 836 761 786 909 b 664 862 970 c 605 838 630 959 741 d 758 755 721 825 911 
605 -  a 924 769 762 981 b 674 731 806 778 c 606 d 846 848 920 826 733 
606 -  a 649 949 967 970 848 792 628 813 b 945 923 711 995 873 725 844 832 988 c 885 734 726 873 914 737 946 d 607 762 935 982 656 
607 -  a 608 917 905 986 b 652 c 838 872 734 663 990 617 d 896 938 968 891 830 774 840 970 927 
608 -  a 890 842 823 691 954 953 b 800 623 989 687 821 826 c 609 868 707 861 971 d 775 823 741 984 646 
609 -  a 930 806 b 818 744 c 610 862 886 695 635 d 887 628 907 748 893 951 796 996 
610 -  a 675 910 907 903 643 b 611 629 909 707 722 947 726 c 685 679 988 909 839 d 660 731 934 715 802 
611 -  a 739 732 b 612 974 913 c 673 804 d 801 653 695 821 932 740 676 
612 -  a 766 822 956 722 973 855 935 653 b 613 843 789 629 800 726 745 c 638 755 935 665 d 733 773 921 785 801 
613 -  a 949 955 b 614 739 669 c 723 787 843 676 d 683 851 750 829 655 918 701 
614 -  a 889 886 634 740 b 615 827 720 945 962 897 886 944 839 879 c 853 979 712 997 737 923 643 d 662 954 789 999 744 885 
615 -  a 616 739 955 b 686 672 641 c 802 961 928 864 790 678 724 d 701 700 
616 -  a 871 717 764 b 979 656 687 807 771 752 c 617 960 668 721 d 922 984 707 785 
617 -  a 982 743 782 678 970 638 919 933 b 672 818 976 c 844 d 618 818 961 769 930 
618 -  a 983 726 938 834 b 619 857 677 682 646 c 619 929 662 774 d 772 971 697 
619 -  a 842 691 654 b 808 700 878 c 645 961 730 684 772 705 960 d 620 870 710 
620 -  a 750 863 704 925 810 b 700 789 891 843 683 871 c 708 881 714 634 d 621 980 782 
621 -  a 706 735 651 752 776 801 b 646 939 772 950 859 717 c 622 660 760 841 988 d 877 862 770 653 947 979 936 
622 -  a 737 859 b 942 993 865 715 853 897 876 636 c 623 809 955 741 728 917 829 851 803 d 719 
623 -  a 999 932 b 703 633 643 979 936 948 c 905 652 d 624 800 872 801 938 916 
624 -  a 652 869 987 898 968 739 b 625 754 787 983 655 807 672 788 724 c 709 993 773 825 962 876 d 693 691 763 
625 -  a 660 757 806 849 809 897 911 b 626 639 687 726 784 c 722 650 756 848 d 768 
626 -  a 762 872 963 650 707 931 819 892 816 b 657 732 667 c 940 971 d 627 793 654 
627 -  a 739 887 652 930 851 904 820 937 b 952 887 642 961 c 942 807 922 890 639 951 d 628 630 959 631 801 
628 -  a 830 747 782 760 708 807 b 827 785 997 681 908 c 629 917 923 701 998 982 d 675 808 730 645 
629 -  a 990 b 753 759 699 880 958 823 894 c 987 784 699 647 751 921 969 844 d 630 986 759 937 674 720 
630 -  a 631 890 979 660 865 736 782 760 725 b 731 833 714 c 896 941 954 917 780 d 874 799 807 875 
631 -  a 653 654 735 b 998 680 954 c 632 831 822 792 852 773 931 d 980 849 870 678 784 945 
632 -  a 768 823 913 885 b 672 924 797 926 995 998 c 633 976 762 937 801 d 875 903 937 687 
633 -  a 634 791 809 944 779 701 919 970 893 872 699 b 769 989 c 959 663 915 770 908 735 769 975 d 740 996 825 891 
634 -  a 732 826 832 953 938 664 b 635 754 c 717 731 797 792 983 d 895 774 951 648 813 761 983 763 662 646 
635 -  a 636 741 975 b 940 873 761 772 696 756 783 640 814 c 880 721 788 961 709 893 898 d 917 963 824 900 642 719 896 
636 -  a 894 974 879 960 685 740 877 b 637 687 994 804 936 872 c 923 939 d 943 757 995 717 821 682 956 
637 -  a 667 640 894 b 986 876 895 c 927 807 779 983 945 d 638 648 740 965 
638 -  a 902 644 733 880 658 815 807 822 b 942 907 939 837 770 c 737 654 d 639 655 951 850 842 995 910 770 972 
639 -  a 886 804 686 b 814 983 762 705 890 915 904 c 640 765 658 866 847 785 661 d 960 654 
640 -  a 641 952 881 949 742 b 712 917 947 842 845 718 923 994 c 773 741 664 906 d 935 649 664 899 668 
641 -  a 642 923 832 663 713 644 b 857 654 996 c 664 858 890 932 893 786 d 647 981 772 652 
642 -  a 849 709 858 842 747 677 797 799 b 643 845 731 967 834 735 844 c 937 858 870 831 995 807 943 802 d 707 815 
643 -  a 664 655 942 721 773 830 864 b 896 760 993 777 c 644 687 760 d 875 945 798 811 905 
644 -  a 929 784 942 994 b 645 731 814 969 982 c 676 888 686 859 987 d 914 874 
645 -  a 806 803 854 667 b 646 919 785 971 995 791 883 737 723 847 997 c 985 867 886 666 d 932 771 698 819 
646 -  a 725 674 684 b 647 823 747 792 777 833 c 816 918 989 887 d 968 
647 -  a 648 656 976 902 b 891 c 656 940 752 697 772 d 941 723 735 909 971 956 681 854 
648 -  a 649 957 951 887 776 910 b 885 965 901 659 795 853 924 c 751 812 869 948 830 d 656 703 828 813 821 942 978 
649 -  a 803 719 724 704 b 899 878 956 868 705 c 898 964 993 711 735 779 d 650 764 798 747 750 846 755 897 717 709 795 828 775 886 722 888 903 
650 -  a 852 864 925 756 977 899 661 815 808 710 721 752 b 707 856 949 918 c 884 807 718 855 875 d 651 977 838 668 684 
651 -  a 931 996 930 762 968 b 652 981 988 809 727 c 921 949 693 724 890 897 d 750 803 745 852 903 
652 -  a 653 871 933 823 974 960 b 694 751 859 966 670 898 c 911 879 869 747 679 756 d 865 669 876 
653 -  a 752 779 986 917 944 985 908 b 915 715 668 981 921 c 786 776 790 832 699 d 654 
654 -  a 723 976 857 b 655 795 677 749 997 807 c 806 855 901 755 768 d 961 744 965 978 919 
655 -  a 685 698 834 980 b 685 832 877 800 955 759 711 848 717 c 873 709 957 691 797 816 d 656 993 955 679 657 812 908 
656 -  a b 657 749 923 798 c 922 998 996 906 832 d 892 676 956 979 
657 -  a 794 762 950 688 b 658 799 956 749 907 835 897 c 805 689 891 735 d 815 906 
658 -  a 751 686 b 659 853 774 c 737 855 722 826 941 906 844 d 666 816 898 908 823 916 
659 -  a 838 680 874 969 924 b 866 763 909 c 660 863 907 967 687 708 663 679 872 749 944 835 d 920 907 720 
660 -  a 661 841 b 958 677 c 950 787 702 861 d 999 908 678 798 738 842 779 930 
661 -  a 958 912 843 936 989 663 878 b 776 728 965 858 758 c 662 788 710 689 739 831 925 820 729 d 944 870 691 
662 -  a 789 667 732 868 722 b 733 973 c 663 695 992 740 924 775 902 891 754 d 784 926 903 665 
663 -  a 664 685 822 914 686 954 952 b 930 765 811 727 985 720 967 c 885 810 879 939 764 831 d 689 967 793 
664 -  a 772 895 723 811 b 737 735 749 981 c 665 872 d 977 714 
665 -  a 666 760 770 788 717 b 825 898 816 728 c 994 862 728 722 d 793 
666 -  a 801 708 900 722 751 817 862 994 671 b 806 954 977 929 784 703 c 667 734 789 812 706 857 886 762 729 867 d 705 884 
667 -  a 744 907 972 877 794 b 889 693 923 891 c 821 943 765 989 775 d 668 674 889 884 712 859 724 708 866 720 
668 -  a 786 979 899 857 817 b 669 759 766 936 965 963 c 877 700 881 883 968 d 889 997 774 824 
669 -  a 725 936 675 683 721 970 b 947 778 850 c 670 675 829 975 912 836 d 927 702 932 693 991 916 790 
670 -  a 671 696 951 978 b 718 857 770 885 716 778 c 859 894 d 948 835 733 719 
671 -  a 692 791 887 710 822 735 760 756 b 672 853 773 833 c 675 778 852 972 947 d 781 773 896 
672 -  a 830 742 967 744 848 832 935 759 913 808 b 958 891 690 c 673 987 842 990 701 691 d 919 776 806 
673 -  a 976 692 994 950 954 800 b 674 883 885 755 840 c 882 857 741 695 d 752 773 686 743 
674 -  a 792 940 752 890 962 813 918 b 675 836 983 976 922 721 c 814 921 888 834 d 726 698 694 
675 -  a 685 947 b 957 756 867 c 678 796 971 977 852 d 676 742 682 932 747 768 719 
676 -  a 677 948 995 738 b 769 947 939 836 998 875 c 879 872 d 912 747 913 742 
677 -  a 841 834 776 709 747 970 866 788 713 b 782 971 894 688 984 888 c 834 776 974 985 d 678 950 885 681 994 979 
678 -  a 860 761 884 b 679 786 818 686 938 c 757 776 980 746 994 958 879 795 680 d 693 974 
679 -  a 977 757 913 b 762 712 855 875 905 909 789 707 981 775 936 c 957 798 d 680 762 723 895 787 
680 -  a 765 932 b 831 928 712 993 842 844 858 c 870 936 805 722 940 889 818 881 d 681 862 776 769 838 797 
681 -  a 972 718 706 686 813 763 b c 682 785 747 854 801 731 d 785 829 947 882 
682 -  a 747 955 903 910 771 723 757 892 b 683 783 852 c 849 882 742 907 732 719 779 d 783 885 925 994 969 
683 -  a 684 998 839 928 936 690 965 762 963 736 b c 858 691 806 d 895 888 931 762 732 
684 -  a 886 864 971 965 725 b 984 890 940 729 689 833 c 691 962 714 888 d 685 804 986 
685 -  a 715 874 921 b 967 771 836 918 789 c 706 756 848 800 701 717 746 d 686 871 967 791 953 949 987 742 793 696 821 892 819 783 
686 -  a 754 803 697 705 b 850 974 939 979 778 694 857 c 687 764 708 768 723 d 978 805 708 992 746 726 693 712 985 831 
687 -  a 973 754 980 929 903 922 773 775 899 b 688 799 875 721 740 882 781 756 c 725 752 798 d 695 
688 -  a 689 975 869 961 841 775 796 b 979 867 824 725 853 c 742 938 704 916 829 826 812 d 974 862 955 946 
689 -  a 690 838 931 960 952 748 835 705 b 967 962 922 750 789 907 994 854 c 953 812 719 799 d 891 972 995 817 706 794 
690 -  a 705 889 812 984 b 691 943 829 952 916 934 832 745 c 895 764 724 985 945 d 889 793 742 929 811 890 
691 -  a 972 862 989 b 692 935 c 867 938 808 921 d 727 836 769 917 878 885 979 784 
692 -  a 734 843 844 b 980 814 846 973 928 733 901 c 693 864 768 889 d 932 728 757 891 752 797 834 889 790 924 960 
693 -  a 694 700 771 740 983 b 712 714 759 c 995 802 779 708 d 806 864 
694 -  a 800 998 734 797 b 854 936 901 758 882 c 695 728 804 712 808 701 d 704 977 726 
695 -  a 836 840 b 847 744 897 944 710 837 972 c 696 932 744 793 707 717 d 971 889 712 825 864 961 
696 -  a 992 916 786 b 697 743 721 874 763 783 c 730 908 880 997 821 970 803 d 935 
697 -  a 850 778 715 911 832 815 826 b 835 962 748 812 724 863 c 698 874 890 813 770 944 871 754 889 755 984 832 800 d 837 886 
698 -  a 826 913 867 704 961 b 978 776 721 882 957 c 699 942 881 967 719 d 930 
699 -  a 949 727 957 954 b 700 743 770 745 c 811 936 808 768 d 853 899 854 
700 -  a 853 881 879 b 701 761 800 777 796 920 818 c 710 846 881 709 717 d 733 874 968 714 896 784 990 
701 -  a 960 822 772 975 713 718 829 b 702 972 712 860 903 c 780 781 952 846 797 d 916 843 797 
702 -  a 841 766 b 797 704 734 872 998 c 703 775 877 780 889 777 d 756 743 986 973 858 
703 -  a 952 999 804 738 b 933 715 813 c 704 966 988 d 854 817 991 
704 -  a 880 818 824 b 705 831 966 732 991 722 794 c 841 920 870 946 930 906 d 957 928 748 847 
705 -  a 924 722 895 733 b 706 761 880 813 887 c 892 807 801 717 954 885 d 976 746 731 941 978 986 818 858 
706 -  a 962 b 707 715 892 c 851 902 977 817 773 770 857 d 877 809 956 730 741 869 
707 -  a 919 957 872 881 997 b 708 752 c 958 998 970 966 868 d 988 853 889 760 
708 -  a 709 829 888 727 955 978 897 b 709 960 956 901 955 952 826 c 867 997 736 941 894 848 d 773 898 796 855 
709 -  a 981 800 846 966 b 710 c 751 729 867 946 d 954 756 926 811 838 891 942 910 
710 -  a 985 941 895 b 900 729 923 c 711 939 868 897 870 905 740 d 780 892 833 966 781 861 957 842 
711 F  a 947 732 849 956 892 785 806 b 900 972 811 766 785 901 c 712 751 871 889 868 d 904 997 965 911 
712 -  a 868 996 976 775 823 845 825 b 713 769 948 792 908 935 c 858 810 787 d 872 924 
713 -  a 937 718 828 752 745 b 895 747 c 714 998 893 859 760 762 785 773 826 d 937 991 871 944 833 796 916 
714 -  a 733 740 833 867 720 b 715 957 974 804 724 894 917 905 c 918 844 734 d 958 935 868 953 797 746 874 
715 -  a 807 990 889 757 b 794 838 994 720 927 825 776 991 c 824 782 731 861 958 757 957 d 716 794 919 799 997 872 978 
716 -  a 967 821 970 870 787 824 b 792 880 842 981 923 924 741 751 744 864 c 806 766 878 794 888 977 929 782 814 949 985 807 833 d 717 889 848 841 950 930 
717 -  a 796 987 938 908 858 742 b 857 867 995 772 c 927 808 765 890 924 d 718 724 960 938 826 823 
718 -  a 719 762 827 970 b 912 890 981 864 918 c 952 753 869 862 917 d 874 884 850 758 802 891 782 
719 -  a 786 870 967 849 b 875 834 864 749 884 c 720 787 802 863 874 766 727 d 722 831 878 826 
720 -  a 808 732 766 798 809 953 b 808 876 836 981 821 811 c 721 d 872 970 988 912 821 862 810 
721 -  a 856 741 942 972 836 888 803 962 b 787 942 758 c 722 797 801 834 745 979 877 882 999 764 862 d 773 894 882 
722 -  a 911 991 858 875 778 872 b 816 781 916 795 c 723 911 958 931 887 855 d 840 813 776 
723 -  a 906 880 b 792 c 845 819 963 892 748 729 797 d 724 973 906 882 
724 -  a 810 945 906 964 976 805 826 b 786 788 735 799 c 725 851 905 865 935 964 961 d 803 
725 -  a 726 856 b 954 836 795 977 820 733 972 c 726 966 845 835 993 d 809 954 769 937 951 886 
726 -  a 970 770 969 860 936 876 838 b 727 730 855 796 c 855 807 919 860 733 859 d 941 901 808 
727 -  a 728 983 894 748 828 943 935 b 843 963 796 c 917 d 961 899 768 
728 -  a 845 818 792 774 751 975 832 876 b 745 838 c 865 737 904 d 729 805 957 926 891 942 745 988 
729 -  a 957 945 b 955 900 988 875 819 760 757 890 c 732 974 834 981 794 d 730 755 759 
730 -  a 797 879 767 894 839 b 999 993 980 766 735 750 866 c 828 852 805 857 d 731 
731 -  a 782 751 768 754 892 b 750 c 732 791 867 831 832 789 797 d 877 858 891 807 913 748 
732 -  a 780 935 848 b 951 877 822 964 c 733 923 741 824 924 890 885 d 841 837 817 784 835 949 977 
733 -  a 899 804 776 736 965 834 815 b 950 747 797 c 804 894 769 d 734 881 846 829 
734 -  a 777 b 735 853 983 747 c 976 942 840 d 757 810 932 808 761 
735 -  a 854 784 888 990 906 b 754 847 793 812 765 910 911 791 907 c 736 804 854 799 979 802 d 784 759 788 
736 -  a 737 968 889 743 958 b 858 751 916 c 755 878 890 817 d 763 755 744 854 966 
737 -  a 935 753 826 814 b 973 819 887 c 738 817 858 753 864 875 866 d 994 818 802 904 868 
738 -  a 739 848 929 802 760 927 b 963 762 912 c 848 779 798 845 d 818 843 740 879 
739 -  a 828 b 803 941 936 c 894 753 830 879 780 798 d 740 779 951 949 867 744 784 981 865 
740 -  a 741 945 866 909 977 b 979 972 802 771 882 833 826 909 c 961 993 d 997 848 985 799 785 
741 -  a 850 903 875 881 919 b 742 798 954 877 897 754 980 c 774 894 757 931 917 826 775 d 954 831 
742 -  a 905 835 844 b 899 952 848 839 c 814 886 838 757 965 d 743 980 
743 -  a 840 802 b 747 915 c 764 d 744 826 955 875 917 820 985 943 940 
744 -  a 745 944 843 842 997 747 972 992 792 852 748 772 878 b 885 798 c 971 842 805 927 771 897 814 d 895 982 
745 -  a 980 851 988 757 999 877 963 947 b 769 820 829 969 816 c 827 793 d 746 775 959 770 791 762 
746 -  a 855 794 935 914 967 815 843 b 932 879 959 773 962 912 759 c 784 778 940 d 747 854 909 858 
747 -  a 820 964 960 774 909 780 b 890 892 894 870 c 902 799 850 788 d 748 905 923 885 
748 -  a 877 809 948 841 874 859 902 781 777 b 749 770 976 c 848 820 803 796 997 941 965 d 841 
749 -  a 750 933 923 785 831 837 756 b 779 903 759 817 884 917 819 c 779 866 883 d 935 
750 -  a 965 929 b 774 c 956 907 933 861 942 945 827 d 751 856 813 757 778 902 862 768 999 
751 -  a 974 966 778 850 b 991 784 754 938 917 868 819 895 753 970 782 845 c 752 985 960 780 d 870 794 840 883 969 
752 -  a 910 941 915 874 999 b 773 952 859 c 786 946 820 d 753 786 979 797 889 
753 -  a 754 834 797 826 998 756 958 884 905 b 770 788 786 948 821 927 775 799 900 c 989 786 963 926 d 937 930 809 
754 -  a 913 955 867 807 893 761 806 b 812 843 c 755 824 758 d 756 997 866 
755 -  a 785 b 981 794 787 976 c 756 851 791 921 813 831 904 d 790 924 957 965 
756 -  a 891 b 757 813 825 992 843 766 c 873 908 978 883 995 993 801 d 924 839 795 
757 -  a 882 970 926 954 b 955 888 819 933 c 758 766 864 769 916 925 857 d 773 961 
758 -  a 790 958 813 834 950 863 b 759 875 797 820 c 990 773 926 d 815 895 955 785 930 812 854 997 901 
759 -  a 801 810 804 963 948 792 b 760 941 997 c 777 854 801 980 913 844 d 944 974 802 
760 -  a 900 911 843 845 813 806 880 b 761 885 946 818 887 825 909 772 811 c 972 d 992 878 835 894 815 840 931 909 
761 -  a 937 838 893 766 b 815 825 831 871 c 909 773 794 961 946 917 886 d 762 799 895 953 963 
762 -  a 793 965 899 990 774 b 834 960 915 795 767 894 971 931 c 858 876 785 872 d 763 891 841 966 880 
763 -  a 764 768 874 998 983 884 919 b 993 828 809 972 c 768 813 d 807 927 906 944 977 
764 -  a 844 855 790 976 835 888 924 986 824 839 b 815 835 832 912 936 899 c 765 793 786 852 976 861 887 959 d 946 816 796 783 
765 -  a 822 838 823 827 786 893 813 814 b 766 835 990 c 838 833 967 d 887 868 847 881 
766 -  a 767 916 966 b 884 841 800 c 825 786 993 992 979 d 928 886 
767 -  a 959 861 962 857 912 896 794 840 b 768 977 887 772 929 849 c 937 806 997 d 913 954 827 
768 -  a 769 827 790 877 999 b 883 832 910 941 939 803 841 870 810 c 833 998 931 916 846 957 d 790 865 824 
769 -  a 900 804 b 844 967 949 864 900 786 963 890 970 897 c 770 997 948 790 774 913 d 867 893 953 941 982 
770 -  a 941 880 933 907 847 852 905 833 b 830 804 c 771 880 918 790 889 835 d 974 998 940 859 970 876 
771 -  a 814 974 952 957 818 992 b 854 791 870 965 946 924 c 911 855 839 864 781 d 772 974 972 837 968 
772 -  a 986 895 794 848 947 b 861 955 925 900 c 825 835 972 943 815 d 773 918 861 813 896 843 842 
773 -  a 787 974 961 914 b 820 894 976 987 805 c 911 820 858 915 d 774 971 813 795 960 881 
774 -  a 815 962 936 920 886 847 984 b 775 901 850 c 901 809 924 829 922 934 d 855 859 853 858 966 810 993 
775 -  a 889 972 b 776 898 793 850 c 842 846 973 811 d 997 882 803 802 950 
776 -  a 883 896 792 889 931 b 783 879 925 920 924 889 827 c 777 960 d 883 891 867 800 995 
777 -  a 778 840 811 985 999 b 798 851 946 929 948 925 c 847 978 977 d 937 969 805 872 947 
778 -  a 838 973 957 879 941 792 804 924 b 779 962 792 832 784 c 988 964 933 971 d 797 808 
779 -  a 943 818 994 969 795 876 b 886 940 c 860 924 990 922 894 884 d 780 957 949 997 812 937 823 
780 -  a 867 b 896 855 973 968 818 879 958 812 898 c 781 996 805 862 943 d 781 814 805 797 902 
781 -  a 785 793 947 830 939 b 856 852 901 863 c 782 812 795 899 989 d 821 833 974 927 839 792 874 805 799 838 
782 -  a 783 890 821 825 796 873 b 874 932 888 812 842 960 c 899 812 992 d 985 868 822 878 
783 -  a 992 986 b 784 898 867 889 968 c 886 872 d 853 830 927 990 951 
784 -  a 889 932 947 926 b 836 940 955 c 887 856 820 859 871 d 785 852 978 813 822 914 
785 -  a 902 856 928 930 b 813 947 915 792 858 938 c 985 819 d 786 799 868 
786 -  a 789 936 905 845 b 975 955 863 799 c 946 788 844 905 875 d 787 856 871 997 944 937 854 859 849 
787 -  a 788 918 891 987 848 950 b 790 958 997 868 943 c 931 807 917 d 801 977 799 830 
788 -  a 996 852 925 794 816 976 b 789 883 828 826 803 974 c 940 941 880 792 857 d 882 948 804 
789 -  a 953 856 905 929 792 933 898 865 b 830 902 811 922 828 997 985 c 866 856 799 854 918 841 d 790 970 913 962 940 
790 -  a 982 799 b 951 945 859 805 851 c 986 885 815 933 802 988 937 825 979 834 d 791 903 997 880 951 826 989 
791 -  a 940 859 987 866 b 792 872 944 802 799 854 c 940 d 849 930 891 844 
792 -  a b 929 907 819 955 988 867 917 885 846 818 939 813 c 793 980 959 901 d 986 851 909 899 978 
793 -  a 953 870 894 981 846 845 956 901 b 940 843 870 875 c 985 944 897 871 863 847 952 d 794 878 948 906 899 898 
794 -  a 795 881 894 798 922 b 852 953 957 922 865 947 c 851 973 852 823 846 d 887 987 932 
795 -  a 838 886 927 833 923 845 b 796 875 936 919 853 995 851 c 809 985 913 d 983 841 993 
796 -  a 857 812 835 843 b 963 923 c 797 807 992 d 868 831 900 803 998 890 892 961 
797 -  a 798 930 802 846 807 828 b 934 839 c 866 996 847 832 905 912 974 960 817 d 969 934 941 825 997 
798 -  a 831 891 918 b 857 895 c 799 883 925 962 995 951 811 d 888 878 829 
799 -  a 927 975 810 808 b 874 853 c 800 916 819 922 869 d 992 955 936 829 981 979 805 972 993 892 
800 -  a 890 837 832 853 821 868 934 b 899 811 973 c 942 949 840 880 997 823 d 801 893 847 857 845 
801 -  a 945 939 840 875 810 975 b 989 881 c 951 870 862 867 936 d 802 877 957 873 983 
802 -  a 935 972 889 946 951 816 b 803 940 892 952 805 c 992 982 871 952 831 913 d 922 895 868 988 891 
803 -  a 901 947 886 b 868 901 904 899 972 c 804 981 d 999 
804 -  a 805 984 975 910 854 b 990 874 834 829 c 960 855 d 960 819 948 
805 -  a 806 862 883 850 b 948 837 895 931 974 991 c 870 877 984 976 966 912 d 819 890 899 936 
806 -  a 808 885 956 935 b 959 963 958 823 976 940 c 928 924 956 845 821 945 907 811 d 807 830 956 911 
807 -  a 901 978 929 b 808 838 877 893 863 958 831 855 976 924 980 c 978 918 833 975 d 979 840 973 907 
808 -  a 867 907 900 985 b 809 973 889 905 980 958 c 925 869 843 836 816 873 d 973 917 837 859 829 814 958 
809 -  a 969 823 847 844 975 968 b 810 846 956 852 960 c 892 894 977 880 974 865 d 810 987 945 899 984 
810 -  a 811 824 964 856 999 b 921 897 971 814 866 c 816 976 d 861 972 974 873 
811 -  a 858 935 975 943 927 b 973 918 853 859 941 911 816 874 843 c 812 858 856 853 890 875 978 d 929 851 969 901 823 
812 -  a 813 852 841 b 845 881 983 965 836 854 883 c 970 817 843 995 921 d 891 817 
813 -  a 953 854 997 b 849 868 852 815 877 824 c 859 953 986 949 872 910 d 814 999 826 874 905 925 
814 -  a 890 848 819 881 963 843 991 917 b 889 886 c 815 837 894 956 d 841 932 929 907 955 835 964 
815 -  a 894 885 840 930 919 b 851 823 965 982 893 903 912 866 820 c 817 837 836 840 861 890 929 d 816 843 870 965 826 883 
816 -  a 971 889 956 919 835 963 b 992 826 c 825 953 874 875 d 817 866 945 869 
817 -  a 835 891 863 902 846 930 900 b 886 907 993 973 946 934 c 818 919 953 942 929 923 d 925 841 942 
818 -  a 948 981 b 819 855 960 909 840 880 984 982 c 941 973 d 988 933 927 960 908 918 887 
819 -  a 835 919 904 862 959 865 967 857 b 927 904 920 950 926 c 954 917 880 823 905 d 820 848 994 945 950 992 
820 -  a 821 944 887 b 948 861 922 991 914 c 945 895 865 d 948 939 929 899 908 872 823 
821 -  a 915 897 876 839 987 979 b 969 990 981 911 950 c 898 856 938 841 d 822 949 969 927 940 989 943 849 
822 -  a 823 898 829 972 b 936 848 905 977 997 c 897 887 916 873 950 951 840 948 d 898 829 957 963 914 
823 -  a 824 998 860 908 865 884 873 b 876 963 959 988 989 863 849 c 938 926 875 918 883 989 939 967 d 942 963 996 964 994 930 
824 -  a 825 834 920 b 985 863 989 c 861 943 d 840 834 971 899 934 967 
825 -  a 854 989 927 971 900 850 901 835 b 909 973 858 c 826 975 911 848 d 961 971 890 926 
826 -  a 979 848 845 969 910 919 b 856 857 950 992 c 875 d 827 904 929 928 965 873 
827 -  a 889 900 935 837 b 828 840 978 887 943 976 c 876 842 903 906 852 836 831 969 879 d 849 922 931 831 890 895 977 
828 -  a 829 870 838 965 b 894 848 937 882 936 988 c 881 899 837 851 872 d 995 836 984 946 
829 -  a 831 952 883 954 906 991 b 937 982 854 966 874 c 968 995 935 848 d 830 949 961 
830 -  a 938 870 895 890 916 b 862 939 947 973 996 843 959 c 998 889 932 872 d 831 994 833 977 920 
831 -  a 832 884 871 853 942 983 948 b 937 860 c 966 989 896 906 950 860 924 d 987 833 855 919 
832 -  a 907 903 929 939 998 961 b 907 913 979 939 951 c 946 976 859 966 842 986 d 833 838 907 913 871 966 
833 -  a 834 875 873 925 891 972 979 b 918 986 920 999 c 918 961 d 959 838 984 867 955 
834 F  a 835 958 941 940 883 935 b 928 c 898 862 981 991 d 915 876 
835 -  a 836 855 899 976 841 858 927 870 b 911 964 936 c 976 895 993 995 d 855 842 863 
836 -  a 950 982 903 977 b 838 880 949 c 983 924 976 852 986 914 886 d 837 936 993 871 959 982 854 
837 -  a 943 921 872 989 942 b 857 854 866 848 966 860 994 888 c 838 923 998 886 994 d 997 972 
838 -  a 950 978 983 b 939 890 922 951 957 979 c 839 883 d 924 870 927 865 876 959 
839 -  a 840 982 887 910 891 929 b 993 984 928 989 c 916 970 875 934 d 999 963 895 962 885 
840 -  a 967 929 905 915 867 969 b 841 943 889 913 875 c 841 888 898 930 876 989 854 897 946 909 d 889 886 
841 -  a 916 918 950 927 907 884 932 939 942 b 842 896 941 924 948 859 c 916 950 908 894 881 d 917 886 862 995 977 875 926 
842 -  a 869 960 871 978 b 843 975 965 996 873 916 945 861 935 907 c 891 922 991 987 d 886 976 974 858 853 
843 F  a 898 994 865 896 853 968 916 b 965 992 996 955 c 940 885 922 926 921 915 d 844 884 
844 -  a 942 954 913 998 b 999 926 953 920 867 864 938 962 c 845 966 863 894 981 889 945 915 918 d 851 848 891 
845 -  a 933 886 881 b 882 866 967 931 858 997 938 981 902 878 c 846 877 918 860 853 d 900 876 
846 -  a 993 922 874 873 911 948 890 b 921 935 893 934 c 935 898 964 978 857 d 847 894 952 
847 -  a 848 900 980 933 981 b 900 869 971 984 c 895 941 879 991 866 871 d 895 855 972 975 992 985 
848 -  a 872 903 977 930 896 940 b 955 905 876 c 859 968 952 914 996 857 906 d 849 958 898 908 891 
849 -  a 921 873 936 b 891 986 900 895 972 871 c 850 932 d 912 874 990 857 963 880 945 876 
850 -  a 987 b 851 884 c 937 899 993 941 853 885 877 990 998 d 939 941 867 923 
851 -  a 984 952 908 870 934 925 917 887 b 852 984 963 871 884 869 c 898 d 853 950 879 996 866 926 
852 F  a 916 976 876 895 b 853 924 999 919 937 976 921 970 998 c 861 d 884 863 857 901 914 896 854 
853 -  a 996 904 974 925 864 885 912 888 b 984 941 988 942 968 975 999 c 854 912 945 882 856 d 904 864 938 896 971 880 
854 -  a 971 892 885 915 955 947 875 950 b 995 c 877 858 937 d 855 904 923 906 894 
855 -  a 983 999 962 860 931 b 886 862 878 939 c 995 928 987 d 856 951 865 870 884 913 964 979 988 
856 -  a 920 972 880 968 862 955 912 b 863 972 968 961 945 912 907 c 857 996 971 928 929 869 d 862 926 916 
857 -  a 943 863 997 949 892 b 858 902 930 925 878 892 926 c 965 930 967 860 d 985 966 950 
858 -  a 908 929 911 927 947 956 b 946 860 870 920 943 991 c 988 926 863 d 859 977 982 970 861 912 917 905 
859 -  a 860 926 996 981 909 b 890 951 975 905 961 904 c 931 921 967 973 875 940 d 890 938 895 
860 -  a 861 946 937 916 977 b 981 893 988 c 946 875 869 936 d 915 955 919 
861 -  a 867 940 983 955 949 b 895 994 961 c 925 951 945 973 901 d 862 956 914 978 923 987 
862 -  a 863 995 979 986 b 942 867 890 973 892 c 936 932 994 891 d 912 955 929 965 972 957 948 
863 -  a 992 868 991 994 b 894 933 986 994 909 c 915 867 874 980 931 971 976 d 864 929 947 
864 -  a 958 967 946 b 945 943 c 865 925 870 868 954 935 915 d 926 930 973 950 
865 -  a 957 925 968 892 902 894 b 866 927 914 904 935 899 919 c 916 907 939 940 948 d 873 
866 -  a 873 915 934 945 963 958 b 867 893 945 922 913 881 c 957 989 914 911 978 910 d 867 929 948 986 973 872 
867 -  a 967 974 871 993 919 997 999 948 980 927 954 b 888 928 934 898 c 967 933 991 888 939 995 965 923 d 868 907 934 945 
868 -  a 889 932 910 b 989 998 962 c 953 907 971 949 990 927 d 869 882 969 898 
869 -  a 943 935 881 994 995 912 b 926 901 c 870 877 895 926 946 941 892 980 d 889 907 948 977 
870 -  a 939 928 968 990 941 b 871 989 909 982 901 912 890 c 915 977 898 999 988 887 d 980 953 946 982 971 994 896 874 954 916 
871 -  a 973 928 961 889 918 b 987 928 989 c 872 966 d 998 901 899 972 934 
872 -  a 873 913 905 930 950 b 882 891 970 927 997 892 c 900 922 936 901 d 953 889 933 936 921 988 978 877 935 890 
873 -  a 958 900 927 943 b 896 973 969 c 985 954 910 896 972 882 940 d 874 954 949 962 
874 -  a 998 900 909 889 b 918 919 933 923 969 984 c 926 896 d 875 930 879 
875 F  a 932 899 991 961 911 b 881 910 c 876 891 944 996 948 988 903 954 972 d 945 938 878 899 882 965 
876 -  a 909 906 997 953 928 922 b 996 881 986 c 894 946 985 900 935 d 877 953 952 991 964 
877 -  a 878 894 960 959 887 b 940 915 916 c 985 902 933 d 889 932 
878 F  a 879 993 967 975 b 985 938 993 923 c 951 942 961 917 d 931 900 
879 -  a 880 924 909 895 911 964 990 983 962 b 890 906 965 887 c 969 899 891 d 897 890 918 
880 -  a 994 929 949 903 b 995 922 916 955 901 904 c 965 911 971 d 881 952 916 959 887 
881 -  a 882 968 b 929 c 887 988 965 947 940 908 923 948 d 958 968 895 961 
882 -  a 890 989 957 987 903 931 962 956 994 899 922 b 901 891 888 980 892 925 969 c 883 979 989 944 991 945 934 d 916 972 888 
883 -  a 884 967 891 945 b 887 986 921 946 c 912 999 d 974 902 978 916 979 950 888 
884 -  a 939 b 958 947 893 944 920 889 c 935 927 920 912 d 885 935 964 904 984 932 901 970 914 
885 -  a 886 960 958 992 902 925 968 897 887 959 910 b 962 963 989 937 940 965 906 938 c 921 899 986 933 929 d 985 925 928 
886 -  a 930 931 891 977 966 999 902 b 887 910 953 984 c 898 996 963 922 d 942 913 
887 -  a 915 962 920 900 979 985 967 b 888 968 c 888 978 993 958 985 954 d 923 966 978 903 985 937 
888 -  a 889 911 986 890 975 937 945 b 946 922 930 c 889 904 900 d 889 916 896 932 941 
889 -  a 904 979 938 b 890 973 938 928 898 c 944 978 985 991 947 998 912 d 995 979 963 970 
890 -  a 891 957 924 935 997 914 969 b 937 994 902 917 965 c 891 905 972 988 937 906 d 922 904 919 910 940 974 997 
891 -  a 892 900 937 956 949 b 905 940 995 936 919 c 928 998 942 944 913 d 998 954 
892 -  a 938 894 978 964 960 913 916 940 928 b 991 919 936 c 893 919 939 917 926 d 974 908 930 976 982 931 897 967 948 
893 -  a 986 922 955 954 899 948 925 b 894 987 c 990 942 993 d 
894 -  a 976 906 896 b 895 985 938 914 992 c 977 973 909 899 935 d 921 972 943 928 964 930 950 
895 -  a 896 923 966 912 986 b 933 980 c 916 976 958 933 952 d 928 937 900 
896 -  a 911 930 991 958 963 908 983 917 905 b 997 998 984 c 897 898 962 980 957 d 936 956 
897 -  a 898 915 918 919 994 917 981 955 913 946 b 937 917 907 c 994 959 d 900 999 903 934 984 923 927 
898 -  a 940 936 927 977 b 935 988 947 906 c 899 903 951 930 989 905 d 936 915 998 951 994 990 920 924 918 953 925 926 937 
899 -  a 900 935 973 959 915 988 942 913 b 906 954 966 959 930 c 932 978 d 932 994 
900 -  a 976 993 991 946 b 901 916 996 c 934 991 906 d 972 961 931 918 902 963 
901 -  a 927 995 907 979 b 902 995 973 912 913 977 925 954 989 974 969 947 c 948 968 922 998 924 d 946 992 981 948 973 913 974 949 
902 -  a 991 986 992 995 944 b 972 969 c 954 945 922 947 d 903 924 985 974 949 
903 -  a 904 940 905 915 928 909 914 907 973 936 932 926 b 920 915 946 962 c 906 970 923 916 939 943 d 920 983 964 951 
904 -  a 905 952 989 998 992 993 b 948 960 916 957 988 923 922 c 985 d 988 966 984 
905 -  a 984 999 936 972 b 980 985 977 c 906 996 963 990 924 935 d 984 957 928 975 918 985 941 958 937 
906 -  a 949 b 977 968 987 969 933 c 907 956 909 938 964 d 950 916 960 
907 -  a 976 977 923 952 928 991 b 908 967 965 917 924 c 945 915 983 d 985 925 954 987 979 
908 -  a 909 976 931 991 b 939 944 950 962 c 997 987 986 d 987 
909 -  a 910 963 955 943 916 b 986 968 979 997 c 937 928 955 979 d 910 985 917 934 969 940 968 944 
910 -  a 911 953 915 954 945 948 b 911 973 985 912 980 939 c 942 952 988 958 998 d 955 
911 -  a 992 939 915 934 986 984 b 912 943 968 c 928 930 988 978 d 992 999 981 925 932 994 
912 -  a 918 996 932 962 937 b 920 997 933 c 913 932 983 984 d 981 921 950 926 919 
913 -  a 966 990 953 b 925 971 926 981 944 c 931 950 972 d 914 923 976 987 958 921 994 
914 -  a 976 943 936 926 b 976 958 943 924 970 959 c 915 976 994 951 956 919 d 951 928 944 930 998 981 979 953 
915 -  a 938 928 948 b 916 934 984 947 928 918 962 c 968 935 990 946 996 987 d 
916 -  a 917 939 986 979 963 952 984 921 b 991 947 932 c 939 924 930 d 972 975 980 
917 -  a 969 956 927 b 918 927 933 940 943 993 962 c 991 970 950 974 d 991 938 996 963 
918 -  a 919 945 932 995 b 996 932 977 999 976 c 931 994 959 981 976 940 d 925 967 994 949 924 982 
919 -  a 991 985 b 923 956 992 941 939 990 993 c 920 934 925 978 996 972 d 920 923 926 941 947 
920 -  a 955 945 940 949 b 936 966 926 c 921 984 946 982 950 976 981 d 930 934 996 994 924 967 937 
921 -  a 973 952 949 997 b 949 936 983 985 c 927 949 977 932 966 963 946 d 922 999 968 950 944 924 
922 -  a 923 957 946 953 968 990 973 b 933 927 949 985 c 923 991 970 d 965 939 976 929 938 945 961 
923 -  a 924 978 999 b 967 927 996 979 934 c 928 973 984 d 
924 -  a 973 991 988 945 b 973 926 938 930 c 925 973 936 970 981 934 d 940 926 949 967 979 956 989 
925 -  a 972 940 979 b 966 990 942 c 937 975 939 978 953 d 926 947 989 958 
926 -  a 927 970 964 957 b 990 946 971 c 944 985 932 d 970 944 930 
927 -  a 987 984 981 973 b 944 936 946 c 978 985 950 991 973 968 935 d 928 984 932 958 988 
928 -  a 929 981 997 945 962 934 b 991 974 984 c 951 980 947 994 970 d 945 944 986 969 
929 -  a 985 970 952 984 b 930 987 c 966 977 964 d 956 940 998 944 995 970 
930 -  a 957 970 b 957 942 983 950 999 955 c 931 970 985 966 964 d 984 989 947 
931 -  a 972 985 b 959 976 c 936 967 934 994 960 d 932 952 954 989 984 976 975 945 
932 -  a 933 982 946 976 b 951 983 976 c 945 968 992 934 961 977 d 945 993 972 952 
933 -  a 987 989 954 961 993 b 939 965 991 978 949 c 934 960 974 988 970 990 993 d 955 
934 -  a 943 991 964 953 937 b 987 964 962 996 c 935 938 967 949 991 992 960 d 943 963 
935 -  a 976 974 943 954 966 964 b 936 937 939 c 972 988 986 990 940 995 d 951 953 960 950 996 993 
936 -  a 963 972 b 937 978 994 c 983 987 967 d 953 977 
937 -  a 957 977 969 939 966 952 b 938 988 990 945 c 953 972 967 950 d 996 971 997 987 
938 -  a 939 953 955 974 978 940 b 980 954 951 c 939 949 d 982 979 955 959 969 988 
939 -  a 952 967 959 949 945 955 997 969 b 974 991 c 991 970 d 940 962 975 976 992 970 
940 -  a 965 986 942 967 b 969 992 976 c 941 969 984 d 947 986 962 956 943 
941 -  a 974 964 978 b 995 952 947 987 950 c 949 974 d 942 986 984 
942 -  a 992 b 962 993 948 c 943 957 986 994 973 997 956 985 d 952 967 958 944 951 977 984 968 996 963 955 
943 -  a 960 974 958 947 952 999 945 997 b 944 992 c 981 969 984 970 987 980 d 944 948 986 971 977 
944 F  a 945 954 995 991 976 973 b 980 950 992 981 c 987 981 960 d 947 957 
945 -  a 946 959 996 982 971 973 951 b 946 983 978 953 968 c 978 987 d 946 996 971 948 
946 -  a 985 996 976 973 983 977 b 947 988 957 953 948 c 986 970 952 997 959 d 964 973 998 949 
947 -  a 989 b 948 975 968 950 987 953 983 976 978 977 990 991 c 994 951 971 d 994 981 972 
948 -  a 949 956 986 993 b 960 983 c 989 986 999 972 d 969 971 
949 -  a 978 963 960 990 958 b 996 975 994 960 952 977 969 965 953 c 974 960 970 989 990 d 950 957 999 988 967 983 995 959 
950 -  a 951 955 989 b 963 977 988 954 c 998 999 973 994 d 973 989 961 983 972 976 
951 -  a 999 998 968 b 952 991 972 971 c 999 990 956 998 d 992 969 996 972 
952 -  a 953 982 965 975 963 b 971 977 c 996 d 981 982 962 995 959 961 984 
953 -  a 958 998 994 b 964 959 973 976 c 988 965 989 967 d 954 988 971 980 995 975 969 
954 -  a 965 978 980 989 964 963 995 999 b 955 985 992 982 c 966 968 d 955 985 965 992 994 986 
955 -  a 956 958 992 995 960 b 996 958 981 991 c 977 965 971 d 989 996 957 970 971 
956 -  a 965 985 962 959 999 992 963 b 957 966 973 c 967 990 962 970 986 d 957 967 991 984 964 980 975 987 973 
957 -  a 958 970 994 977 990 b 961 978 c 993 983 985 973 988 d 967 995 969 959 980 
958 -  a 967 982 983 994 b 967 982 988 987 c 967 982 988 986 d 959 966 998 989 
959 -  a 971 996 963 987 973 968 965 b 960 978 963 c 994 973 d 980 996 985 969 997 
960 -  a 987 981 996 974 b 961 977 c 961 965 d 973 992 966 964 983 999 
961 -  a 998 984 963 b 971 986 992 984 c 982 998 976 d 962 971 964 989 984 
962 -  a 973 970 993 996 b 988 993 966 c 986 987 985 993 982 d 963 998 
963 -  a 999 978 966 b 990 993 991 994 999 978 966 965 989 c 984 994 981 975 988 d 964 976 971 978 980 
964 -  a 965 978 991 b 999 987 968 969 975 994 986 c 987 980 982 997 992 966 977 d 999 984 978 981 976 995 
965 -  a 966 994 968 b 995 975 982 980 981 c 971 995 975 982 d 971 978 999 983 992 972 
966 -  a 986 998 b 972 982 974 c 997 979 d 967 983 986 990 
967 -  a 977 996 982 969 980 994 991 b 968 992 999 972 c 998 981 990 984 d 987 974 986 982 978 
968 -  a 976 986 980 971 973 b 986 994 997 c 981 999 975 d 969 988 970 989 996 
969 -  a 981 976 984 990 b 970 994 981 973 982 998 c 970 994 981 986 976 974 972 982 990 975 d 984 993 980 979 
970 -  a 972 983 989 995 973 977 b 972 982 991 985 c 971 979 975 996 982 983 d 971 979 975 997 989 998 
971 -  a 972 983 997 986 b 983 982 997 985 999 c 980 992 973 993 987 d 982 993 989 
972 -  a 990 992 997 994 985 974 b 990 978 977 c 973 994 d 993 981 978 
973 -  a 974 980 981 995 999 990 985 b 993 997 976 c 982 994 d 993 
974 -  a 985 997 978 b 975 996 999 987 983 c 975 985 998 995 984 d 975 992 990 
975 -  a b 985 995 996 997 c 976 990 989 993 d 984 986 985 994 983 
976 -  a 977 988 978 985 994 986 999 996 b 988 991 983 c 995 980 992 979 998 d 995 993 
977 -  a 978 979 983 994 982 999 b 980 988 983 995 991 c 989 985 982 987 d 978 996 993 990 999 
978 -  a 979 985 999 984 986 b 999 990 992 984 993 998 982 c 979 985 988 992 d 981 987 994 
979 -  a 999 987 982 995 b 990 992 983 c 980 999 989 988 983 993 981 985 d 989 987 995 981 991 
980 -  a 985 983 996 984 b 994 989 983 997 992 993 c 981 983 d 982 994 983 990 996 995 
981 -  a 997 998 993 999 b 982 994 984 c 997 989 985 983 984 996 d 989 985 994 
982 -  a 989 991 994 993 b 989 987 986 988 c 983 995 996 993 d 983 991 996 994 998 
983 -  a 984 998 991 986 987 990 b 984 998 994 991 995 c 989 996 992 985 d 984 998 994 987 993 995 
984 -  a 985 992 999 987 993 b 985 992 986 993 995 991 997 c 998 992 986 987 995 d 985 998 992 986 999 993 994 989 
985 -  a 992 998 994 988 995 b 998 996 995 c 992 991 990 999 d 986 998 997 990 
986 -  a 991 994 b 987 997 c d 994 998 
987 F  a 988 995 991 990 989 b 988 995 991 994 990 c 988 996 993 998 992 d 991 992 
988 -  a 998 995 992 b 997 994 c 989 991 992 990 994 993 d 989 990 999 994 
989 F  a 992 994 999 998 b 990 996 992 c 996 993 994 999 997 d 990 994 999 
990 -  a 991 995 b 999 c 991 993 997 d 991 995 992 998 999 994 997 
991 -  a 992 994 995 996 b 997 998 c 992 997 993 998 994 999 995 d 992 997 998 995 996 
992 -  a 993 994 999 b 993 995 996 997 c 993 996 998 d 993 994 996 
993 -  a 994 998 997 b 994 998 995 c 994 998 997 995 999 996 d 994 999 996 
994 -  a 995 997 b 996 c 998 996 999 d 995 998 
995 -  a 996 999 998 b 996 997 999 c 997 999 998 d 996 997 998 
996 -  a 997 998 b 997 998 c 999 d 997 999 
997 F  a 998 999 b 998 999 c 998 999 d 998 999 
998 -  a 999 b 999 c 999 d 
999 -  a b c d 
abcdabcdabcd
