100 26
  0 -  a 69 31 92 75 79  6 b 44  3  6  7 c 62  8 34 66 75 99 d 80 55  5  3 90 e 46 76 81 f 80 75 57 23 g  8 11 h 69 42 i  9 11 17 j  9  8 70 17 k 69 50 82 l 55  3 82  6 83 36 m 58 83 n 21 66 77 o  9 62 92 57  7 p  8 72 76 40 51 q 42 44 57 33 70 r 50 57 s 41 80 83 t 44 53 21 40 u 62 34 21 v 11 33 w 44  5 x 28 50 59  6 y 28 41 21 50 97 z 77 
  1 -  a 43 27 b 43 c 43 27 d 43 27 e 43 f 43 g 43 27 h 43 i j k 43 27 l 27 m 43 n 43 27 o 43 p 43 q 43 27 r s 43 27 t 43 27 u 43 27 v 27 w 27 x 43 27 y z 43 
  2 -  a 13 74 65 24 94 43 84 b 39 43 84 60 c 98 d 91 74 10 e 20 96 25 78 f 32 96 16 60 g h 84 16 i 89 48 94 49 j 26 61 k 30 95 l 67 14 87 68 m 30 95 45 87 n 25 43 o 24 89 54 p 37 91 45 26 71 q 98 37 24 89 93 r s 30 13 98 24 68 t 30 67 65 u 20 74 65 v 98 37 32 93 12 w 95 24 x 13 54 y 98 93 z 30 91 65 89 93 27 38 
  3 -  a 94 24 58 52 b 30  5 13 c 47 68 83 20 d 86 91 24 e 89 f 84  2 94 95 39 58 13 g 75 93 63 48 h 50 96 i 56 49 59 j 93 56 k 15 l 64 15 m 50 56 87 51 n 55 93 98 87 39 25 o 55 91 64 p 47 87 96 20 q 96 15 r 22 s 83 t 87 96 u 83 15 58 v w x 67 95 17 y 55 84 z 96 37 78 
  4 -  a 23 52 96 22 b 23 47 48 76 94 37  7 c 24  5 80 d 94 21 e 31 83 95 f 77  7 15 82  3 g 17 67 55 20 h 58 81 i 17  2 98 j 58 85 89 k 24 76 l 47 52 76 25 73 m 83 13 n 30 39 o 31 48 24 67 25 86 p 52 24 42 q 61 r 47 52  5 96 s 58 61 42 96 t 23 75 u v  2 95 93 w x 91 84 y 39 96 56 z 81 94 39 
  5 -  a 49 88 86 65 81 74 b 13 14 12 87 c 96 d 73 12 25 81 e 22 93 20 26 f 14 43 54 32 25 81 g 68 39 35 94 h 96 78  2 i 91  1  2 10 j 45 73 65 16 k 93 l 96 m 96 n 68 95  2 o 78 95  1 98 p  2 q 89 r 39 88 63 s 78 14 32 t 30 43 25 u 73 87 86 63 48 v 49 w 88 12 64 10 x 13 65 61 y 13 39 45 91 25 z 68 
  6 -  a 77 15 b 77 20 56 c 31 47 37 91 98 d 82 24 e 30  4 55 f 68 89 g 50 21 47 58 70 h 77 68 i 97 94 22 15 j 56 59 55 k 97 81 l 72 21 83 22  2 m 72 50 47 18  2 67 n 80 94 13 o 99 98 p 82 75 58 70 51 q 15 r 50 18 s 52 20 92 t 97 15 23 70 u 68 37 76 v 82 81 31 99 96 15 92 w 33 31  5 x 80 21 13 y 77 75 99 91 z 80 96 17 
  7 -  a 88 94 89 96 35 b 81 61 94 45 c 91 d 84 49 e 26 49 80 98 f 48 g 17 67 94 96 60 24 h 88 61 84 39 i 93 j 98 48 52 k  2 17 54 l 73 m 30 n 38 94 50 55 o  2 78 12 64 p 81 q 63 93 89 r 67 88 84 22 48 52 13 s 61 94 50 22 80 t 81 26 65 37 u 26 20 v 17 96 48 w 94 75 x 67 38 37 y 94 89 84 73 z 26  5 
  8 -  a 72 18 70 42 21  2 11 83 84 b 70 58 c 59 70 d 99 e f 23 11 52 97 g 51 11 h 72  6 50 i j 99 17  7 52 k 33 42  6 68 81 l 79 m 21  6 49 n 98 83  7 77 o 79 37 59  7 p 79 37 94 58 11 68 q 72 42  5 r 98 85 s 21 68 55 76 t 79 50 89 u 18 90 83 v 79 23 w 79 47 11 83 77 x 59  6 68 31 y z  4 47 
  9 -  a 57 44  7 90 58 42 31 b 81 49  4 19 c 42 99 d 81 56  8 42 e 49 89 f 57 97  3 30 37 g 11 79 h 77 49 68 17 11 72 i 90 j 44 k 20 44 51 l 57 m 23 72 n 97 81 90 13 30 o 70 77  4 90 92 p 97 81 56 77  7  5 q 77 89 r 17 13 55 s 18 56  7 92 t 81 58 47 u  8 23 20 44  3 v 59 w 20 51 x 85 19 76 y 20 51  2 z 30 92 
 10 -  a 14 27 32  1 b 27 43 c 14 32  1 d 27 32 e 14 32 43 f 14 27 43 g 14 27 h 27 32 43 i 32 43  1 j 14  1 k 43 l 14 27 m 14 n 14 27 32  1 o 14 p 14 32 43 q 14 32 r 27 s 27 t 14 27 32  1 u 14 27 43  1 v 14 43  1 w 27 x 43 y 27 32 43 z 14 27 
 11 -  a 23 52 82 84 70 76 b 98 99 76 21 c 31 51 49 24 d 89 e 70 80 20 f 92 83 96 g 98 33 77 75 h 89 21 i 80 j  5  2 84 77 55 k 42 l 51 59 21 68 m n 42 98 o p 50 22 q 83 51 58 r 80 s 31  6 18 84 t 83 94 67 17 20 u 89 85 v 98 99 21 85 w  2 59 x 92 17 15 y 97 z 31  5 33 21 
 12 -  a 10 32 27 b  1 43 c  1 d 74 10 32 e 10 f g  1 14 43 h  1 27 43 i  1 10 71 j 32 k 74 10 32 71 16 l 74 27 43 m  1 n 32 27 o 74 10 14 43 16 p 74 14 43 q 32 r 74  1 10 32 43 s t 27 u 74 10 32 v 74 10 14 w 74 32 71 16 x  1 32 y 32 71 z 10 
 13 -  a 27 78 b 15 60 25 74 c 24 38 10 35 87 d 39 27 64 e 95 73 38 78 f 61 96 54 22 35 32 g 39 63 95 78 94 h 63 24 16 i 84 95 25 52 78 j 84 65 27  1 k 63 12 27 l 45 71 87 m n 63 95 52 o 86 15 10 p 86 27 43 88 q 39 63 95 60 45 r 26 14 94 32 s 61 15 78 t 65 u 61 12 24 96 38 93 v 24 w 39 73 93 x 52 y 15 65 88 z 39 86 27 
 14 -  a 32 43 b 43 c 32  1 d 43  1 e 43 27 f 43 g 32 43  1 27 h 43 i 32 27 j  1 k 43  1 27 l 43  1 m 27 n 32 43 27 o 43  1 p 32 43 27 q 32 43  1 r 32  1 27 s 32 43 t 32 43 u  1 v 43  1 27 w 32 43  1 27 x 32 43  1 y 43  1 z 32 43 27 
 15 -  a 54 38 64 93 35 32 b 43 c 39 61 10 87 78  1 86 d 54 12 78 86 14 e 65 74 48 64 f  1 43 g 39 64 h 65 10 78 71 i 12 48 j 88 61 12 45  1 k 88 61 87 26 l 61 m 54 27 n 65 o 12 78 p 63 45 q 93 86 25 r 16 12 78 73 60 s 65 61 54 93 t 10 87  1 35 43 95 u 74 87 v 87 w 63 10 48 27 x 16 87 26 y 61 12 45 95 z 39 10 95 
 16 -  a 10 b 10 43 c 43 14 d 32 e 43 27 14 f 10 14 g 43 27 32 h 43  1 14 i j 10 27  1 k 10 27  1 14 l 27  1 m 10 14 n 43  1 o 43 32  1 p  1 q 27  1 14 r 10 32 s 10 43 14 t 27 32  1 u 10 43  1 v 14 w 10 14 x 10 32  1 14 y 10 43 27  1 14 z 10 43 32 
 17 -  a 91 81 48 b 63 12 84 75 55 65 c 67 45 85 d e 67  2 89 f 91 73 48 g 35 95 15 39 h 35 45 i 80 56 89 15 37 87 j 63 38 96 k  2 74 63 l 88 93 m 15 n 49 71  5 55 o 48 p 91 12 q 13 56 54 93 86 r 63 89 38 52  5 s t 80 89 26 u  2 13 81 63 73 64 v 61 35 74 45 98 15 52 w 13 88 89 96 x 49 y 56 49 12 85 84  5 z  2 13 25 71  5 
 18 -  a 31 b 52 33 68 31 c 13 20 d 21 13 99 22 e 59  5 22 23 51 50 80 f  7 22 20 82 g 83 51 86 84 h 21 42 67 i 49 58 55 j 89 17 15 55 k 21 17 l 83 m 70 99 20 51 31  4 n 24 98 56 20 23 o 77 89 47 52 24 p 76 77 98 94 91 23 55 q 89 r 73 75 s 99 85 86 t 33 58 u 98  2 v 76 70 89 47 94  5 20 w 21 77 59 49 81 56 50 73 x 21  7 85 y 33 81 91 56 22  3 75 z 76 59 17 13 
 19 -  a 75 31 67 18 90 98 b 13 84 c 33 76 d 99 84  7  5 e  5 81  4 f 30 58 68 g 42 51 56 37 h 42 51 59 75 89 92 i 23 31 67  5 82 j k 67 89 37 55 l 33 13 42 30 49 m 84 24 81 n 84 51 31 90 o  8 33 84 49 76 p 51 21 q 20 58 r 13 20 17 89 50 s 85 51 17 70 t 42 47 92 u 72 56 v  8 13 68 w 75 x  8 13 85 52 21 37 y 52 z 17 67 83 
 20 -  a 52 32 16 b 15 c 30 86 63 16 88 84 d 87 e 78 12  1 f 54 14 g 22 h i 74 14 16 j 24 71 k 30 86 13 48 l 52 13 14 38 m 52 25 n 39 13 78 o 30 10 p 86 71 12 q 30 r 35 61 13 26 94 s 73 86 64 71 t 15 95 u 43 52 71 65 v 87 45 w 35 64 87 22 60 x 43 14 y 35 61 48 26 45 27 z 64 87 24 12 60 
 21 -  a 64 50 b 65 64 61  2 67 56 58 51 48 c 80 23 d 42 15 e 42 64 22  7 f  2 22 37 84 g 65 20 39 24  5 h 39 88 24 59 58 13 15 i 88 91  3  5 j 58 k 37 l 22 24 37 m 39 22 n 83  2 67 94 37 78 85 25 68 o 39  2 67 23 58 p 80  3 q 52 93 r 42 17 20 30 96 s 65 64 67 37 89 26 t 75 17 30 81 u 42 47 83 56 v 17 23 96 w 83 56 x 83 61 91  3 y 61 22 30 z 67 88 94 89 
 22 -  a 88 93 b 10 c 73 d 96 43 88 15 71 e 26 73 f 10 16 g 61 h 96 48 43 27 60 71 i 48 86 63 39 j 14 26 60 63 k 48  1 l 54 m 96 16 n 12 o 95 27 32 71 38 p q 65 14 16 12 r 15 s t 25 48 43 73 35 61 12 u 48 43 27 26 32 71 16 v 73 10 35 86 45 39 74 w 26 63 x 26 93 y 43 32 45 93 z 65 38 
 23 -  a 81 88  2 b 86 81 13 37 73 c 78 13 45 15 d 75 91  7 95 39 67 85 48 73 24 e 94 f 64 35 30 96 38 26 45 g  2 h 83 63 91 13 17 i  2 39 j 75 95 84 13 17 80 k l 98 49 48 52 55 m 64 68 98 n 59 81 96 61 24 o 35 78  7 95 13 22 49 p 81 q 67 84 22 r 68 81 39 17 93 s 50 t 88 u  5 94 55 v 89 25 67 22 61 w 51 83 13 17 37 x 86  7 25 49 y 59 64 84 17 50 z 56  5 91  7 85 
 24 -  a 39 74 b 32 45 61 c 88 d 94 95 93 60 26 74 88 e 54 f 54 71 27 g 74 h 93 15 74 i 48 32 60 j 93 16 12 61 25 26 22 64 k 87 22 l 32 63 15 45 61 74 m 48 73 64 n 93 o 94 93 15 39 61 p 95 93 10 27 73 q 54 61 43 38 r 45 39 25 26 78 s 39 t 86 15 u 63 15 v 86 45 26 w 45 10 88 x 10 y 45 87 35 26 27 z 86 45 74 
 25 -  a 45 88 b 45 32 60 64 c 38 65 54 35 60 d 38 12 10 14 e f 54 35 87 g 16 87 74 h 45 71 16 74 i 38 74 j 43 78 87 26 k 65 12 10 35 87 26 l 38 54 32  1 78 71 27 74 m 63 10 n 45 43  1 88 60 16 o 14 p 32  1 78 74 q 38 r 45 12 43 88 s 32 88 t 65 u 38 63 10 88 16 87 v 43 14 64 w 12 32  1 14 x 38 65 87 y 38 32 14 z 12 
 26 -  a 38 b 43 12 38 27 45 c d 63 16 74 27 e 43  1 35 f 63 32 38 27 g 71 27 54 h 74 87 14 45 60 i 74 87 32 60 54 j 16  1 32 k 87  1 35 38 60 10 l 16 m 38 60 10 n 71 63 74 43 12 38 o 74 32 27 p 38 27 q 74 12 35 45 10 r 43  1 32 45 s 16 32 t 71 43 35 27 u 60 54 v 63 74 45 w 63 38 27 x 71 63 60 54 y 43 12 60 z 43 14 35 27 
 27 F  a b c d e f g h i j k l m n o p q r s t u v w x y z 
 28 -  a 92 18 b 75 c  6 85  9 d  5 70 e 90 82 75 f 68 18 11 g 50 19 67 59 h 41 67 57 77 i 99 j 41 90 83 k  6 97  3 l 99 m  6 59  8 n 41 80  9 31 o 89 72 p 90  7 57  5 q 33 68 23 44 r 58 85  9 17 31 51 s 20 t 67 81  2 u 41 97 58 17 75 v 80 68 72  7 47 w 50 68 x  6 80 98 y 41 97 76 44 z 92 58 18 
 29 -  a 51 33 b 97 57 82  7 c 44  5 d 50 41 e 36 31 80 92 66 f 36  8  9  7 91 g 44 42 47  2 92 56 h 97  7 51 i  3  2 55 56 j 76 47 67  6 k 36  9 41 l 36 11 58 33 m 36  8 76 85 n 53 21 31 51 o 79 42  3 80 p 19 90 17 58 34 q 36 99  6 r 72 99 17 s 99  5 t  9 41 66 91 u 28 51  4 59 v 36 50  3 55 w 11  2 92 67 x 11 82 33 y 42 21 z  4 
 30 -  a 60 b 38 c 74  1 96 45 d 86 88 38 e 48 88 35 64 63 26 f 73 94 71 g 88 45 h 93 84 16 26 i j 43 63 12 22 k 65 71 74 95 l 73 m 25 35 64 n 13 93 o 16 54 p 10 84 q 73 32 15 22 r 24 14 s 48 64 24 96 t 73 25 88 94 u 86 61 10 v 61 60 78 w 24 39 x 43 84 78 96 y 61 65 z 87 
 31 -  a 77 50 52 22 b 17 37 84 15 c 75 13 d 51 81 80 56 84 65 e 49  2 f 81 75 98 g 86 59 91  5 h 23 58 i 49 j 55 75 k 51 77 59 65 48 93 l 23 92 81 67 42 77 82 37  2 94 m 96 n 13 24 o 23 20 21 89 p  2 q 23 58 75 76  5 r 94 48 39 s 85 22 t 92 86 u 81 67 91 65 v 21 w 20 17 77 73 30 68 21 59 98 39 x 75 y 42 13 61 z 
 32 -  a  1 43 27 b  1 43 c 27 d 27 e  1 43 f  1 27 g 43 27 h 43 i  1 43 j 43 27 k  1 43 l 43 27 m  1 43 27 n  1 o  1 43 p  1 27 q 27 r  1 43 s  1 43 27 t  1 43 u 43 v  1 43 27 w 43 27 x  1 43 y  1 43 z  1 43 
 33 -  a 47  5 56 85 b 84  7 98 c 55 67 d  3 21 e 47 23 98 83 f 20 37 42 93 g 61 94 h 89 i 92 73 96 81 98 j 92 55 84 24 91 95 15 50 k 83 l 55 96 m 75 51 52 n 47 58 77 92 55  5  7 o 58 96 37 76 17 p  4 61 85 q 47 49 91 75 r 49 50  2 80 s 81 91 t 58 55 59 u 77 96 50 85 v  3 77 w 15 39 x 55  7 y 55  5 17 z  4 80 
 34 -  a 79 98 55 b  2 85 47 c 90 11 59  6 d 99 e 11 31 80 18 f  7 82 g 67 77  2 21 80 99 h 66 67 23 89 51  4 i 57 17 j 79 67 98 91 k l 83 m 44 83 80 17 68 n 77 o  8 p 56 q 79 23 57 r  2 s 11 79 91 82 t 79  3 70 97 u 66  5 98 v  7 56 44  8 w  7 23 70 21 85 17 55 x 37 83 81 y 18 z 77 41 
 35 -  a 71 b c 14 16 45 38 71 54 d 10 27 e 60 38 71 f 16 74 g 87 16 45 71 h 45 27 38  1 i 14 16 43 j 87 14 k 12 54 l 10 m  1 n 45 32  1 o 45 p 87 60 38 71 q 60 45 38 74  1 r 14 43 32 38 12  1 s 16 32 12 t 16 38 54 u 74 v 60 45 32 27 w 10 71  1 x 87 60 43 54 y 16 45 71 54 z 54 
 36 -  a 42 17 b 57 85 59 76 c 55 85 d 37  5 91 77 70 82 e 53  3  5  7 f 72 23 g 53 19 55 99  6 h 37 72 34 i 58 j 53 k  5 89 l 66 91 m 37 92 n 41 76 o 53 90 57 80 p 19 57 81 q 72 21 r  8 79 66 90  9 s 55 91 92 t 97 50 82 u 23 51 89 21 v 19 90 21 50 w 66  3 x 91  9 y 66 z 56 
 37 -  a 84 88 96 b 85 71 c 84 32 15 71 45 d 24 e 48 13 78 22 f 52 85 61 86 48 g 48 h 86 87 43 94 i 10 98 j 95 71 k 61 l 88 68 39 m 27 38 n 87 22 16 89 o 84 13 12 p 25 48 39 q 24 14 10 r 85 25 15 71 96 s 88 48 13 t 35 22 73 u 52 86 64 78 v 24 88 13 49 43 w 27 68 89 x 54 14 39 y 24 z 61 32 74 
 38 -  a 54 b 54 16 14 c  1 12 14 d  1 60 10 e  1 12 14 74 f 32 16 g 54 27 h  1 71 i 27 60 74 j 16 k 32 16 l 54 14 71 m 27 71 n 43 27 74 71 o  1 43 32 14 74 p 16 q  1 12 r 43 60 s 14 t  1 43 27 60 u v 12 60 w  1 54 32 12 16 74 x 32 27 16 10 y 43 16 z 43 32 60 14 71 
 39 -  a 64 b 35 45 c 14 d 26 74 e 26 48 87 64 f 93  1 g 93 32 h 63 26 95 25 74 i 25 71 j 35 26 48 54 78 43 k 10 l 26 48 14 10 25 m 93 26 88 32 64 n 93 88 o 32 43 p 26 48 95 10 q 71 r 63 93 14 s 26 48 10 25 t 10 88 54 74 65 u 10 27 v 63 w 95 32 78 x 35 54 12 60 y 63 93 48 z 63 48 78 64 
 40 -  a 19 33 17 b 81 53 c 83 d 56 33 51  8 42 e 29 33 55 97 f 41 59 g  3 18 h 70 67 i 57 79 j 57 56 41 k  5 11 34 77 l  4 m 36 67  6 50 92 90 n 19  3 28 79 58 o 21 81 17  7 p 44 82 47 21 31 q 75  3 r 75  3 80 s 44 47 58 37 t 99 79 17  7 u 79  6 v 23 97  7 66 w 44 x 44 82  5 83 31 23 70 y 55 76 z 29 21 55 
 41 -  a  9  2 b 68 c d 31  8 e 58 33 f  6 21 20 76 g  5  8 42 h 68 81 80 92  4 i 33 44 92 79 j  9 70 56 90 k  9 68 37 99 80 98 l 85 91 70 m  9 11  7 n  6 58 33 o  5 98 p  5 55 q 68 77 r 11 s 21 47 99 t 44 u 80 89 83 v 18 37 89 11 75 w 18 37 82 x 97  9  5 75 82 y 19 50 z  6  8 
 42 -  a 88 64  5 b 80 88 64 c 59 58 91  2 d 39 48 84 56 e 49 24 f 80 98 95 g 59 84 47 64 93 h 80 89 24 i 89 j 61 73 k 59 48 94 96 64 24 l 75 61 95 83 m 75 59 50 17 n 67 25 o 49 p 88 q 67 58 25 65  2 r 75 37 48 84 96 s 98 25 94 91 t 13 50 u  3 67 78 88 93 v 91 86 w 37 94 x 75 y 55 37 15 z 80 30 17 
 43 -  a b 27 c d e f g h i j k l m n o p q r s t u v w x y z 
 44 -  a 19 83 33 91 75 b 19 52 c 19 52 47  6 d 99 68 e 80 58 49  8 37 f 70 91  8 g 91 13 75 18 31 h 19 17 58 49  4 i 20 92 j 83 77 37 31 k 99 72 84 77  5 82 l 90 13 m n 19 49 o 20  7 82 31 p 83 59 23 q  3 33 51 55 31 r 79 97 58 92 s 83 30 t 79 13 59 u 79 77 17 81 42 v 68 11 w 70 80 91 37 18  2 x y 89 z 52 18 
 45 -  a 74 27 b  1 43 c 32  1 71 74 54 d 16 54 e f 14 g 71 h 10 43 i  1 71 74 10 60 j 38 k  1 43 l 71 60 16 27 m 10 n  1 14 12 43 27 o 14 p 12 43 q 38 12 43 16 r s 12 10 60 54 t u 71 v 32 38 w  1 71 12 10 16 x 32 27 y 71 z 38 14 16 
 46 -  a b 57 50 21 c  9 62 d 62  3 33 e  9 62 f  4  6 g 28 23 92 50 56 h 36 i 99 70 j 18 k 57 18 23 19 l 58 m 57 58 51 66 n 47 81 23  4 31 o 28 50 21  2 p 41 81 67 19 29 q 81 19  6 r 90 42 79  5 s 41 19 t 53 17 77 u 62 34 36 44 v  7 w 92 50 76 80 77 x 23 36 y 57 41 42 51 56 72 z 23 90 67 19  4 99 17 
 47 -  a 50 83 63 37 94 b 24 35 86 c 58 59 15 d 30 26 89 e 55  7 59 93 48 f  5 68 g 50 26 25 56 68 h 30 63 59 78 25 15 i 63 39 59 j 61 87 k 37 84 56 l 30 84 81 m 91 80 93 49 85 n  5 o 58  7 26 p 89 q 91 26 84 17 75 r 83 37 75 s 61 89 17 98 t 67 78 89 81 96 u 55 39 93 v 50  7 52 20 96 86 w 55 30 35 52 22 85 88 x 83 65 49 75 y 63 94 20 95 z 55 
 48 -  a 12 78 b 95 27 60 14 c 26 25 d  1 65 43 e 26  1 10 78 f 26 g 95 35 10 h 35 63 i 35 27 12 j 35 38 60 54 78 k 26 12 16 l 14 64 m 12 10 43 n 35 38 54 25 64 o 45 p 60  1 q 95 35 38 27 12 71 43 r 35 26 60  1 s 45 88 63 t 87 63 u 95 26 25  1 v 14 78 63 w 45 35 38 12 10 64 x 87 35 38 27 10 71 65 y 60 14  1 10 43 16 z 74 
 49 -  a 30 95 24 b 71 64 c 13 95 22 d 15 61 78 20 25 e 74 10 20 65 f 96 38 27 g 20 60 h 61 74 45 10 39 i 71 12 j 38 52 94 k 20 60 16 94 l 93 60 43 m 38 n o 15 16 p 15 74 25 q 15 71 84 r 96 74 16 s 20 95 64 73 t 78 45 39 u 78 48  1 v 61 93 16 w 13 84 x 96 10 38 54 87 y 71 61 65 z 45 84 
 50 -  a  2 b 13 64 c 20 38 60 68 d 26 14 30 e 93  5 f 20 22 g 98 65 39 61 45 49 h 35 56 48 96 16 i 89 65  5 39 j 74 24 52 k 26 67 49 l 98  2 14 m 60 96 22 n 74 13  5 o 88 20 13 45 14 37 p 85 48 q 12 r 83 38 39 68 s 83  5 64 86 t 24 56 32 73 u 20 81 12 95 v 89 98 20 52  2 78 w 85 67 x 26 12 54 y 89 14 71 z 74 35 56 
 51 -  a 64 37 73 b 93 80 87 c 55 95 d 64 61 20 39 e 25 65 f 52 30 45 20  2 84 87 g 50  7 96 24 h 68 45 26 i  5 88 86 20 80 j 15 89  7 78 k 94 81 l 56 68 65 86 m 25 95 88 n  5 98 73 o 52 61 93 60 p 63 37 65  2 81 q 15 64 63 89 61 95 91 67 83 22 r 55 98 s 55 95 93 87 22 t 45 85 75 u 13 v 56 17 52 30 45 w 89  7 x 17 y 56 61 88 38 z 50  7 
 52 -  a 24 48 43 88 63 b 93 35 c 93 25 95 94 61 27 15 d 32 95 86 65 e 24 32 86 f 14 g h 95 i 39 54 j 39 87 k 24 32 25  1 l 12 63 14 m 65 22 n 10  1 35 22 o 10 88 p 10 35 64 q 73 86 65 96 r 93 12 32 s 93 32 54 43 t 93 48 94 86 22 u 24 48 25 v 24 15 38 w 24 25 x 43  1 88 60 96 38 y 54 15 22 38 z 61 27 22 64 
 53 -  a  8 83 76 17 19 b 59 31 c 79 83 91 51 d 66 21 76 e 79 90  8  5 77 47  3 42 f 58 44 28 76 g 34 11 70 91 37 h 58 47 17 i 59 56 28 51 j  8 55 47 k 34 55  4 23 37 82 l m 34 55 92 n 11 o 58 p  8  7 51 q 44 47 23 r 56 21 57 s  8  5 81 t 34 58 59 97 82 u 55 80 81 v  8  6 91 w 58 x  7 97 47 y 79  8 31  5 41 28 77 85 z 41 21 82 
 54 -  a 43 60 b 71 74 14 c 60 12 d 43  1 16 74 e 60 16 14 f 27 16 71 74 g 43  1 71 12 h 74 10 i  1 j 71 12 k 43  1 16 12 l 16 m 60 10 n 60  1 16 71 32 o 43 60  1 10 12 p 60 27 71 74 12 14 q 16 10 32 r 74 s 71 74 12 t 43 60  1 32 u 71 74 32 v w 74 x 43 27  1 71 74 32 y 60  1 74 z 60 27  1 16 
 55 -  a 56 81 b 50 37 c 26 56 13 d 85 20 84 e f 35 96 22 67 38 g 61 45 16 87 39 35 25 10 h 30  2 48 i 89 61 88 j 89 35 91 98 k 71 54 48 l 30 45 88 87 48 38 m 50 n 14 86 12 78 o 85 86 88 p 37 73 87 68 q 83 71 r 16 95 s 50 12 13 22 52 t 68 91 u 50 83 64 v 83 54 12 95 w 85 54 74 x 14 16 y 14 15  5 z 96 
 56 -  a 68 89 43 13 45 74 25 91 71 b 98 32 14 12 35 84 c 95 22 d 98 78 13 60 22 e 95 91 54 96 f 73 48 65 30 g  5 63 h i  5 94 43 j 94 45 k 37 74 10 l 37 12 64 m 95 n  5 49 86 67 93 o 89 86 38 88 p 60 48 65 q 68 98 63  2 r 78 60 48  1 26 s 39 15 t 68 89 87 25 u v  1 w 68 16 20 x 73 y 13 30 z 
 57 -  a 11 75 82 b 70 44 18 75 72 59 91 c 11 58 50 d 31 82  2 67 e 99  6 47 80 77 f 44 89 11  4 97 76 80 g  5 51 20 h 75 81 i 85 j 56 21 37 k 18 l 23 19 m 44 18  4 n 13 98 49 17 o 19  4 90 p 19 55  7 91 q 70 75 r  6 92 72 51 s 13 55  3 97 30 t 70 85 u 58 81 20 59 v 44 23 56 w 89 19 81 80 x 13 19 85 y 56 z 18  7 
 58 -  a 50 49 39 87 b  7 84 30 22 c 83 56 78 59 d 48 e 20 98 84 95 64 65  5 f 88 g 67 h 15 73 45 i 86 22 89 j 20 85 80 88 k 23 24 30 75 59 l 86 95 67 m 23  2 67 96 n 20 91 63 o 13 p 20 98 95 13 q 50 15 91 49 r 98 64 26 87 s 48 t 56 91 94 55 51 u 56 81 88 95 78 v 20 94 89 w 88 95 67 75 x 23 94 84 y 83 81 z 81 96 
 59 -  a 88 26 b c 45 55 13 67 20 d  7 88 55 95 26 e 88 60 68 f 45 80 39 g 81 93 h  7 24 49 22 96 26 73 i 88 94 j 25 k 30 35 38 75 l 54 m n  5 15 o 95 50 39 26 p 24 87 q  7 60 20 22 r 81 38 80 s 30 38 78 56 50 83 t 65 83 84 u  2 30 91 v 35 37 67 98 w 38 87 39 63 x 38 87 20 98 94 y 64 z 30 37 83 
 60 -  a 27 74 71 12 10 b 43 c 27 71 12 14 d 74 16 10 e  1 32 10 f 43 12 16 g 27 71 14 h 71 32 i 43 74 71 12 32 j 71 32 10 k 27 71 12 16 10 l 16 10 m 43 12 10 14 n 74 o 74  1 p  1 q 43 74 16 14 r 43 s 27 43 71 32 t 16 14 u  1 32 16 v 12 32 w 43  1 x 27 74 10 y 43 z 43  1 12 14 
 61 -  a 16 35 93 71 54 b 63 35 48 c 63 27 d 63 78 e 10 78  1 f 35 93 95 g 65 78 h 63 65 95 i 26 63 35 12 j 65 32 74 k 10 27 87 l 64 65  1 m 63 16 12 45 n 95 54 45 o 60 74  1 p 39 63 q 26 71 12 32 38 r 16 35 32 s 54 t 39 63 78 32 38 u 64 88 v 65 27 87 48 88 w 26 63 27 43 87 x 64 35 y 93 z 27 
 62 -  a 29 11 b 42 67 76 c 41 d 40  2 97 18 e 44 50 99 f  9 g 59  3  6 h  2 i 44 79 99 j 17 81 k 90 l 82 92 m 57 91 34 77 n 40 99 36 o 66 p 57  3 79 55 23 q 40  7 75 80 r 75 83 s 50 91 75 82 t 57  3 76 92 u 42 33 77 v 59  4 55 28 w  5 77 x  9 77 y 91 42 97 99 z  7 67 97 
 63 -  a 60 b 71 60 38 43 27 c 16 71 87 43  1 45 d 71 38 12 e 87 32 f 16 87 12 g 16 35 12  1 h 35  1 i 74 j 10 71 43 14 k 16 35 60 38 43 32 12 27 l 16 m 16 38 43 n 71 38 32 45 o  1 27 p 10 71 14 27 54 45 q 35 60 43 32 12 74 27 r 35 38 27 45 s 16 60 87 32 74 t 35 71 87 32  1 54 u 14 12 45 v 10 12 w 16 35 10 43 32 x 16 38 87 27 y 10  1 z 38  1 74 
 64 -  a 43 b 27 c 45  1 87 d 74 27 14 e 74 71 45 43 35 f 87 g 54 h 71 12 54 i 16 35 60 10 j 71 12 16 k 45 35 32 l 74 43 m 26 27  1 n 26 27 60 o 27 p 43  1 16 10 q 71 63 45 43 87 38 r 43  1 32 s 71 t 26 71 12 10 u 12  1 v 71 w 16 60 x 74 43  1 10 y 27 32 60 z 27 43 16 
 65 -  a 26 64 b 88 c 88 60 26 d 10 e 54 27 12 f 60 35 87 g 26 h 74 14 87 i 88 71 74 27 10 78 32 j 27 26 k 35 l 71 87 64 32  1 m 60 35 14 87 63 n 71 27 87 26 43 o 88 60 87 12 p 38 74 64 63 43 45 q r 74 12 s 88 78 t 38 74 u 54 v 35 14 w 71 14 12 45 x 60 16  1 y 71 87 32 43 z 54 74 87 
 66 -  a 58 41 b 97 59 41 81 56 c 42 47 d 83 e 70 57 f 67  3 92 g 91 89 h 49 83 76 82 79 i 11 90 28 83  8 j 28 83 51 82 56 k 90 49 70 31 l  4 m  4 55 n 75 67 19 o 19 p 49 91 98 47  6 q 18 67  2  6 r 28 68 75 44 18 82 42 72 17 s 90 68 97 21 t 97 37 u  2 v 11 70 59 80  7  5 w 90 55 x 23 76 19 y 11 23 58 67  2 z  2  8 79 
 67 -  a 48 b 12 54 c 64 89 32 85 10 d e 74 71 95 85 f 95 22 14 60 93 g 84 45 26 86 37 h 74 71 73 22 86 94 93 87 49 88 i 64 96 j 27 12 94 49 k 20 l 27 96 89 98 m 30 24 25 n 13 16 48 o 84 27 22 p q 35 r 63 73 32 22 14 78 s t 12 65 89 60 87 u 71 94 v 64 45 89 43 85 w 13 91 45 68 x 32 20 y 30 27 65 14 z 91 74 89 93 
 68 -  a 49 65 b 96 30 52 c 15  1 71 d 60 26 88 64 24 e 61 54 64 f 86 g 43 86 38 54 26 h 15 78 71 60 74 20 i 49  1 86 94 j 22 48 k 74 l 94 13 m 25 78 86 12 n 49 88 o 15 22 25 95 p 39  1 73 48 20 q 74 12 r 22 14 45 s 49 43 30 10 t 63 14 86 60 32 87 84 35 u 96  1 95 84 v 39 w  1 38 60 26 94 35 20 27 x  1 14 73 61 95 26 y 63 61 87 z  1 38 
 69 -  a 46 50 19 b 46 33 17 c 28 75 50 77 18 d 41 23  4  3 e 11 29  4 92 55  5 58 f 53 g 29 51 h 80  6 i 41 23 90 53 47 j 11 33 k 41 28 62 80 l 46 23 90 33  2 56 m  9 21 79 29  7 81 n 46 o 28  4 44  3 p 28 80 29  7 31 q 11 70  8 92 53 50 58 77 r  9 70 99 s 75 51 47 t 62 21 29 44 u 90 29 53 44  7  6 v 23 36 w 11 36 76  3 x  4 y 62 z 21  6 
 70 -  a b 49 80 20 c 42 22 94 d 50 e 82 f 49 58 50 31 g 76 72 56 73 h  7 24 i 84 15 j 37 k 89 77 80 l 77  5 m 99 67 n 21  5  2 o 52 22 75 17 91 86 p 21 39 96 94 50 q 96 r  7 s 47 15 t u 52 47 61 v 82 80 94 w 99 56 x 76 31 y 77 59 51 30 z 89 52 98 15 
 71 -  a 43 10 32 b 27 c 32  1 d 43 10 14 32 27 e 16 10 32  1 f 43 10 14 32 27 g 14 27 h 14 32 27 i j 16 10 14 27 k 16 43 10 l 10 32 m 43 32 n 10 32 o 16 43 14 p 32 27  1 q 16 r 14 32 s 14 32 27 t 16 u v 16 43  1 w 16 10 27  1 x 16 y 16 10 14 z 
 72 -  a 83 55 50  4 93 b 33 84 39 56 c 47 83 55 50 73 d 61 e 59 68 24 61 77  7 86 91 20 96 f 47 37 g 85 58 h 51  4 i  3 94  2 92 50 j  3 49 84 k 33  5 56 50 l  5 98 21 75 81 31 23 m 98 51 89 n 51  2 92 52 o 24 37 67 80 p 84 q  3 85 67 r s 59 89 39 48 t 49 u 48 76 v 47 42 75 91 w 33 42 84 37  4 x 50 y 33 42 75 61 52  7 z 84 
 73 -  a 60 87 b 86 32 38 25 c 78 61 35 43 38 48 95 d 10 e 27 61 63 39 38 25  1 f 78 35 14 g 71 27 87 h 86 60 38 i 10 32 25 j 26 87 k 71 l 61 m 86 27 48 n o 27 35 60 43 p 78 64 71 63 48 45 q r s 86 48 t 32 14 74 u 26 71 v 71 54 88 61 14 48 w 64 x 61 63 48 y 71 39 38 z 10 74 
 74 -  a 10 b 14 10 16 43 c 71 14 16 32 d 71 43 e 14 43 f 71 27 10 32 g 32 h 27 16 43 i 71 10 16 32 j 10 k 43  1 l 14 10 16 43  1 m 27 16 43 n 16 o 14 43 32 p 43  1 q 27  1 r 14 s 16  1 t 14 10 u 27 43  1 32 v 27 10 w 43 x 71 14  1 y 10 16 32 z 71 27 
 75 -  a 86 61 b 65 50 c 96 13 86 98 d 89 94 64 e 85  5 30 f 55 88 g 37 96 45 60  2 h 10 i 94 87 j 38 25 86 94 k 89 45 10 86 l 24 12 56 74 m 12 73 56 61 n 37 91 30 16 o 55 38 96 52 10 p 89 q r 55 15 s 96 24 63 13  2 88 t  5 50 u 84 86 v 55 71 22 w 85 38 24 x 55 22 y 86 95 z 55 63 56 68  2 30 
 76 -  a 26 81 64 13  3 95 b 59 67 95 52 30 c 21 80 39 84 d 67 96 48 e 24 75 56 f 26 g 81 39 89 h 67 23 i 80  3 98 39 78 91 42 j 61 k 86 15 l 75 25 47 m 75 50 98 52 55 68 n 17 81 75 56 o  7 83 59 p 50 20 q 83 23 39 78 89 r 17  7 67 61 s 24 13 93 t 83 64 98 73 30 15 u 17 94 73 v 80 20 95 58 51 56 73 55 w 81 98 91 x 50 86 30 88 49 y 21 20 48 78 z 
 77 -  a 48 75 49 47 b 20 51 91 23 c  2 86 81 95  5 84 d  2 20 68  5 47 e 59 73 89 f g 91 85  5 47 h 20 93 96 30 i  7 78 81 j  7 17 98 95 k 17 51 94 58 l 48 13 30  5 58 m 48 51 81 n 91 96 85 o 48 91 21 96 13 30 55 p 76 59 23 13 42 q 22 37 r 24 85 s  2 75 68 73 50 64 t 50 51 56 67 89 39 u 49 85 v 86 81 84 15 w  7 75 24 50 61 65 x 59 75 24 25 y 68 94 52 22 z 67 85 52 
 78 -  a 32 87 35 60 b 26 35 c 54 32 45 71 d 12 64 63 e 63 14  1 87 60 f 43 35 60 g 64 74 32 87 h 32 26 35 i 35 j 64 54 35 k 12 74 43 38 60 l 64 26  1 43 87 16 m 27 35 n 74 o 32  1 27 35 p 12 64 32  1 16 q 12 54 38 60 r 54 87 35 10 s 54 60 t 63 32 14 38 10 u 64 26  1 45 v 26 45 71 w 63  1 43 x 12 26  1 27 16 10 y 74 z 64 74 43 
 79 -  a  5 b 89 c 49 37 47 70 51 d 51 e  4 21 37 52 59 94  3 f 55 g 90 51 h 31 67 18 70 58 85 i  7 13 47  3 j 90 37 70 k 90 37 72 82 l 24 49 11 99 m 11 52 91 22 n 68  3 22 o 31 89 24 18 21 17 p 83 q 90  7 13 72 51 r  4 31 67 52 s 99 92 t  4 67 13 20 77 u 49 47 52 80 v 31 21 75 58 w 31 58 50 x 33 y 33 11 z 90 17 99  6 
 80 -  a 91 22 56 52 60 b 91 96 15 c 20 73 d 61 54 74 e 54 74 94 26 f 93 22 48 g 54 26 86 h 37 88  5  2 55 i j 20 83 71 52 k 85 24 52 95 l 54 64 12 m 38 87 24 n 37 54 56 o 25 83 45 p 75 37 25 64 q 56 84 94 r 75 93 25 88 81 60 s 37 t 20 54 88 78 u 67 89 83 65 v 91 93 50  5 w 93 83 84 x 67 y 93 94 z 89 
 81 -  a 88 b 27 94 65 16 c 98 93 d 26 e 30 f 32 24 15 71 g 20 14 60 93 h  1 24 68 i  2 65 98 96 j 12 26 95 54 78 k 30 64 l 85 12 10 m 32 61 n 91 64 o  2 89 p 94 98 16 q  2 24 65 88 91 r 63 87 39 s  1 27 95 10 73 37 t  2  1 32 u 20 10 88 93 v 20 27 26 89 w 12 95 48 x 20 12 10 y 85 52 z 89 88 15 13 
 82 -  a 68 91 86 89 49 23 b 24 83 c 77 58 d 42 e 15 65 f 21 55 39 42 23 g 77 24 56 95 h 39 80 i j 77  2  3 78  5 30 25 k 39  5 37 l  7 68 55 88 81 67 m 86 67 94 n o 86 81 89 85 p 77 50 56 83 q 59 77 68 78 r 55 42 48 s 58 75 t 21 49 u 77 93 88 96 23 v 68 42 86 52 37 w 59 13  3 88 17 76 x 78 98 81 52 84 y  2 91 89 95 83 96 z 59 77 88 24 83 
 83 -  a 14 20 86 32 b 63 12 c 85 71 88 64 d 67 78 81 e 20 60 37 f  5 93 94 g 68 h 45 86 26 25 67 96 i 49 16 j 52 k 93 10 l 49 10 60 m 74 n 98 56  5 39 37 o 89 49 15 88 p 68 32 95 q 16 r 26 25 94 60 s 56 20 32 t 68  2 10 25 16 u 32 91 v w 49 93 26 65 16 73 x 85 14 48 y 89 16 z 39 86 15 25 91 
 84 -  a 39 b c 48 d 54 e 86 35  1 f 61 54 63 43 45  1 g 35 12 78 26 45  1 h 64 25 45 i 71 25 16 74 j 35 54 12 64 16 10 k 45 l 71 12 m 61 24 64 65 n 71 25 22 60 o 35 p 86 78 48 q 25 88 14 r 61 35 24 78 38 s 14 32 t 39 52 24 15 63 94 u 86 35 78 26 v 39 12 w 93 35 16 10 48 87 38 95 x 93 y 52 61 35 24 10 63 z 26 
 85 -  a  1 b 24 86 78 65 c 24 98 d 24 e 94 25 39 35 88 f 24 14 30 73 g 22 h 24  1 27 84 i 52 j 30 12 87 26 k l 63 14 54 73 m n 63 10 71 45 o 14 10 p 24  1 71 q 49 22 r 52 49 16 60 s 78 12 93 61 65 68 t 89 64 74 45 20 u 54 48 v 16 64 78 61 38 w 14 45 x  1 27 64 y 52 96 z 10 
 86 -  a 71 38 b 27  1 63 c 54 39 d 61 38 39 45 16 35 60 e 93 38 43 35 f 78 71  1 39 g 64 78 h 27 38 63 i 64 61 78 10 32 39 j 87 12 32 16 43 k 65 l 64 61 88 12 48 m 88 54 38 32 16 48 n 12 95 74 o 54 10 32 63 14 p  1 q 39 14 r 64 26 12 93 10 s 27 71 10 95 t 64 87  1 32 u 61 63 v 27 w 27 45 16 x 26 y 10 z 26 78 27 38 
 87 -  a 10 38 b 27  1 12 71 38 c 45 71 43 d 32  1 71 e 45 32 10 27 71 60 f 16 12 43 38 g 16  1 60 h 45 32  1 12 54 i 71 38 j 32  1 71 k 32 10 38 60 l 43 38 m 14 45  1 71 n 12 71 o 27 16 p 45 10 60 54 q 45 32 16 60 r 27 16 12 71 s 43 t 45 32 43 u 10 12 v 16 12 43 38 w 45 10 43 x 32  1 y  1 38 z 14 10 27  1 38 
 88 -  a 74 32 43 12 b 78 74 87 c 78 d e 54 63 78 35 f 63 32 27 g 63 87 12 27 26 h 78 64 i 71 12 14 j 71 38 k 54 12 l 54 32 64 m 35 64 45  1 n 43 o p 60 78 87 64 43 12 q 60 45 r 35 87 14 s 60 71 12 45 t 10 32 43 u 64 12 v 63 78 71  1 w 35 26 x 63 45 y 10 64 z 60 35 45 
 89 -  a 24 63 86 b 94 60 c 38 88 84 32 43 49 d 94 30 12 16 e 98 88 95 63 10 f 45 13 73  1 g 93 h 15 12 i 24 78 60 65 26 96 71 j 38 35 k 24 87 48 26 96 l 87 43 m 93 95 12 n 54 o 98 78 73 84 p 30 54 12 68 96 49 74 q 61 r 48 s 22 24 74 t 12 u 94 24  1 12 43 v 65 10 64 52 w 94 87 61 x 78 35 y 94 24 73 61 68 z 60 65 
 90 -  a 20 42 b 24 82 c d 50 37 77 76 e 76 96 55 f 37 85 13 g 33 97 21 h 89 i 21 j 67 82 96 k 31 24  7 75 l 92 84 68 33 99 m 84 72 n 50 30 84 23 21 47 o  4 50 85 82 84 p 83 59 q 11  4  5 r 11 20 98 s 51 t 67 56 u 91 50 56 52 v  4 70 w 89 x 11 92 20 81 98 23 97  7 22 y 82 81 21 96  3 z 30 68 72 96 
 91 -  a b 27 95 c 13 94 45 d 78 e 13 12 f 12 g 49 65 14 h 52  1 i 61 48 60 98 j 89 74 54 10 k 89 45 93 20 l 96 m 84 32 89 16 45 n 25 o 24 48 74 p 13 89 20 q 61 30 68 r 37 52 49 54 71 s 84 85 27 14 22 t 52 32 78 u 49 30 68 95 10 v 13 12 14 96 w 84 25 43 78 98 x 48 85 30 88 20 y 60 86 z 32 96 
 92 -  a 23  3 81 20 61 b 51 15 21 91 67 c 15 13 22 73  7 d 25 e 68 f 15 86 88 g 98 20 42 h 75 i 84 55 50 89 j 95 20 k 21 20 75  5 67 24 l 23 13 91 55 52 m 23 91 n 73 o  3 17 95 39 82 56 p 13 q 86 52 50 r 15 49 s 23 17 76 48 t 30 91 76 49 77 u 23 98 75 v 98 80 w 22 76 x 47 95 20 84 93 y 81 86 17 z 98 83 
 93 -  a 71 38 b 87 78 25 54 27 95 71 45 c 35 87 14 64 d 63 e 27 f 10 14 64 65 g 12 14 h i 74 60 43 j 26 45 k 74 l 25 14 m 54 n 48 26 o 35 87 88 54 71 p 87 63 10 54 38 q 78  1 14 r s 35 45 38 t 88 95 43 u 45 v 87 63 88 54 71 w 63 x 48 88 27 95 74 16 38 y 63 25 14 43 z 10 16 45 
 94 -  a 60 78 b 25 88 86 74 96 c 38 16 d 25 43 54 e 95 25 60 35 12 65 71 73 f g 38 74 32 h 22 25 60 10 26 88 i 10 32 j 14 74 k 65 l 96 m 26 54  1 n 22 48 60 12 71 o 45 p 22 25 60 88 15 32 q 26 35 38 r 10 s 87 86 74 t 95 48 87 43 14 54 u 43 88 v 95 65 38 86 w 95 25 86 15 x 61  1 y 60 87 78 64 z 35 14 74 
 95 -  a 45 26 64 74 71 b 35 63 c 38 71 d 45 16 e f 26 32 74 27 g 45 60 16 63 h 87 88 i 25 65 12 j 45 38 26 64 27 k 25 32 78 60 l 16 63 m 26 27 n 74 35 60 o 45 38 64 12 p 63 54 q 25 26 12 10 r 87 64 65 s 38 87 10 t 32 63 u 38 64 43 27 v  1 w 38 43 x 65 74  1 y 45 38 60 10 z 25 87 32 12 
 96 -  a 88 71 32 93 b 15 14 35 63 c 25 d 26 60  1 43 71 e 64 43 f 38 78 43 73 g 78 63 h 65 88 27 95 i 27 10 j 65 38 60 32 k 38 l 15 88 m 78 16 74 n 10 16 o 78 48 p 25 12 61 14 q 88 48 87 r 25 26 12 10 16 s 38 10 t 12 u 26 43 v 64 87 71 w 25 14 71 86 x 25 78 63 y 26  1 27 71 z 15 88 38 64 27 73 12 61 95 
 97 -  a 33 51 68 b 18 76  3 51  2 83 20 c 70 d 37 49 13  5 e 18 21 99 89 58 f 33 51 21 52 59 22 24 g 76 59 h 76  3 15 59 72  5 i 42 22 j 33 92 23 99  4 k 21 l m 47 n o 82 85 84 94 p 77 37 81  4 94 q 18 42 75 68 59 r 33 15 s 82 15 85 24 t 85 u 18 17  2 68 83 30 94 v 77 17 23 85 59 84 96 w 67 x 99 22 24 96 y 33 51 z 82 47 51 37 56 
 98 -  a 32 b 22 94 32 c 26 15 86 93 78 d 68 96 94 65 e 22 45 88 71 f 68 94 84 60 49 g 24 10 h 15 27 78 10 38 i 63 27  1 38 j 63 84 26 24 93 43 k 96 94 15 65 l 48 71 m 63 20 48 15 49 n 74 84 14 o 96 16 24 p 27 30 32 52 q 96 12 r 45 95 s t 20 13 27 78 u 12 35 71 v 94 74 w 48 27 60  1 73 x 15 54 y 52 73 z 96 20 15 64 
 99 -  a b 72 86 52 31 13 68 c 93 67 30 83 85 d 51 17 67 e 72 49 83 52 f  3 92 g 39 83 91 55 33 h i 51 67 52 91 j 30  5 20 k 61  2 73 94 76 l  3 21  2 m  3 96 49 52 31 47 n  2 o 59 49 56 52 p 80 84 q 23 r 51 85 s 67 59  2 56 52 58 t 59  5 u 73 v 42 96 85 w 42 17 61 59 77 x 72 85 68 84 y 59 80 z 56 85 
abcdefgghijklmnopqrstuvwxyz
